# Gain and Loss
branch	branchLength	distance2root	distance2NearestOTU	numOfNodes2NearestOTU	exp01	exp10
N2	0.5425	0.5425	0.01717	2	6.003	4.769
N3	3.141e-08	0.5425	0.01717	2	1.006e-06	4.483e-06
N4	0.004751	0.5472	0.01242	2	0.1207	0.03184
N5	0.01069	0.5579	0.007463	1	0.09507	0.05371
S30	0.009714	0.5676	0	0	0.01699	0.04573
S29	0.007463	0.5654	0	0	0.01267	0.03486
N6	0.002582	0.5498	0.009839	1	0.0662	0.6751
S34	0.01128	0.5611	0	0	0.02178	0.3132
N7	0.009624	0.5594	0.0002147	1	0.2573	1.254
S32	0.0002147	0.5597	0	0	2.954e-05	0.003139
N8	0.0004007	0.5598	0.0006737	1	0.01779	0.0001102
S33	0.0006737	0.5605	0	0	0.9792	0.004704
S31	0.004391	0.5642	0	0	0.0008365	0.02162
N9	0.005508	0.548	0.01877	1	0.01169	0.04366
S36	0.02659	0.5746	0	0	0.1307	1.121
S35	0.01877	0.5668	0	0	0.03792	1.013
N10	0.01585	0.5583	0.02459	1	1.015	0.4695
S37	0.04982	0.6082	0	0	0.2603	1.102
N11	0.006677	0.565	0.01791	2	0.0464	0.7387
N12	0.03359	0.5986	0.003419	1	2.342	0.3924
S61	0.003419	0.602	0	0	0.01259	0.257
N13	0.0001347	0.5987	0.007267	2	0.03903	0.001341
N14	0.003136	0.6019	0.004131	2	0.01856	0.03351
N15	0.003251	0.6051	0.004843	1	0.7438	0.03147
S51	0.004843	0.61	0	0	0.02023	0.04589
N16	0.00163	0.6068	0.005918	2	0.008	0.0155
N17	0.00205	0.6088	0.00465	1	0.007631	0.01929
S53	0.006099	0.6149	0	0	0.02333	0.05645
S52	0.00465	0.6135	0	0	0.01763	0.04309
N18	0.003093	0.6099	0.002825	1	0.01158	0.02907
N19	0.001264	0.6111	0.001561	1	0.004703	0.01168
S48	0.002815	0.6139	0	0	0.0106	0.02576
N20	0.001355	0.6125	0.0002066	1	0.005056	0.01242
S49	0.0002066	0.6127	0	0	0.0007677	0.00188
S50	0.0009408	0.6134	0	0	0.003511	0.008555
S54	0.01189	0.6217	0	0	0.04717	0.1089
N21	0.001256	0.6031	0.002875	1	0.004591	0.2653
N22	0.002635	0.6058	0.001602	1	0.009745	0.03842
S58	0.001602	0.6074	0	0	0.00592	0.01523
N23	0.0007708	0.6065	0.001775	1	0.002834	0.007364
S59	0.001775	0.6083	0	0	0.006577	0.01673
N24	0.001977	0.6085	0.0006932	1	0.007337	0.01863
N25	0.0006932	0.6092	3.141e-08	1	0.002562	0.00646
S57	3.141e-08	0.6092	0	0	1.158e-07	2.917e-07
S56	0.0001219	0.6093	0	0	0.0004494	0.001131
S60	0.002242	0.6108	0	0	0.008366	0.02086
S55	0.002875	0.606	0	0	0.01064	0.04077
N26	0.007095	0.6058	0.008502	1	0.7637	0.06968
N27	0.001222	0.6071	0.00981	2	0.005746	0.01158
N28	0.003052	0.6101	0.006758	2	0.01144	0.02864
N29	0.006403	0.6165	0.000355	1	0.0246	0.0588
N30	0.0003734	0.6169	3.141e-08	1	0.0014	0.003316
S41	3.141e-08	0.6169	0	0	1.176e-07	2.784e-07
N31	7.055e-05	0.617	0.00104	1	0.0002642	0.0006252
S40	0.003183	0.6201	0	0	0.01215	0.02813
S43	0.00104	0.618	0	0	0.003919	0.009206
S42	0.000355	0.6169	0	0	0.001331	0.003153
N32	0.007225	0.6173	0.001967	1	0.0279	0.0663
S38	0.001967	0.6193	0	0	0.007459	0.01736
S39	0.002465	0.6198	0	0	0.009377	0.02175
N33	0.00254	0.6096	0.009059	1	0.00952	0.02385
N34	0.01391	0.6235	0.001576	1	0.05581	0.1274
S46	0.001576	0.6251	0	0	0.006031	0.01343
S45	0.001754	0.6253	0	0	0.006718	0.01495
S44	0.009059	0.6187	0	0	0.03533	0.08328
S47	0.008502	0.6143	0	0	0.03404	0.07994
N35	0.003254	0.5683	0.01465	2	0.01409	0.3592
N36	0.006726	0.575	0.007929	2	0.01282	0.03769
N37	0.006569	0.5816	0.00136	2	0.001971	0.00523
N38	0.001265	0.5828	9.545e-05	1	6.675e-05	6.849e-05
S22	0.0003344	0.5832	0	0	4.669e-06	4.694e-06
S21	9.545e-05	0.5829	0	0	3.814e-07	4.061e-07
N39	0.0001432	0.5817	0.001578	1	1.046e-06	2.474e-06
S23	0.001578	0.5833	0	0	0.0001037	0.000104
N40	0.001008	0.5827	0.002275	1	4.847e-05	4.289e-05
S24	0.00464	0.5874	0	0	0.0008925	0.0008985
N41	0.002153	0.5849	0.0001224	2	0.0001932	0.0001991
N42	0.000194	0.5851	6.283e-08	2	1.573e-06	1.604e-06
N43	3.141e-08	0.5851	3.141e-08	1	5.536e-14	4.442e-13
S9	0.0001039	0.5852	0	0	4.511e-07	4.511e-07
S8	3.141e-08	0.5851	0	0	4.108e-14	4.155e-14
N44	0.000104	0.5852	3.141e-08	1	4.513e-07	4.513e-07
N45	0.0001041	0.5853	6.283e-08	1	4.521e-07	4.521e-07
N46	3.141e-08	0.5853	3.141e-08	1	4.868e-14	2.548e-13
S6	3.141e-08	0.5853	0	0	4.112e-14	4.112e-14
N47	3.141e-08	0.5853	0.000104	1	2.549e-13	4.872e-14
S11	0.0001042	0.5854	0	0	4.533e-07	4.533e-07
S10	0.000104	0.5854	0	0	4.517e-07	4.517e-07
S12	0.0001041	0.5854	0	0	4.528e-07	4.528e-07
S7	3.141e-08	0.5852	0	0	4.866e-14	2.545e-13
N48	0.0001223	0.585	9.424e-08	1	6.256e-07	6.568e-07
N49	3.141e-08	0.585	6.283e-08	1	5.008e-14	2.999e-13
N50	3.141e-08	0.585	3.141e-08	1	4.127e-14	4.142e-14
S14	3.141e-08	0.585	0	0	4.108e-14	4.127e-14
N51	0.000314	0.5853	6.283e-08	2	4.115e-06	4.115e-06
N52	3.141e-08	0.5853	3.141e-08	1	6.414e-14	6.866e-13
N53	0.0001041	0.5854	3.141e-08	1	4.528e-07	4.528e-07
S18	3.141e-08	0.5854	0	0	5.639e-14	4.701e-13
S20	0.000209	0.5856	0	0	1.823e-06	1.823e-06
S19	3.141e-08	0.5853	0	0	4.113e-14	4.185e-14
N54	0.0001043	0.5854	3.141e-08	1	4.545e-07	4.545e-07
S16	3.141e-08	0.5854	0	0	4.875e-14	2.557e-13
S17	0.0001043	0.5855	0	0	4.541e-07	4.541e-07
S15	0.0001045	0.5851	0	0	4.561e-07	4.561e-07
S13	0.0001038	0.5851	0	0	4.497e-07	4.497e-07
N55	0.01103	0.586	6.283e-08	1	0.005179	0.00844
S25	0.0002061	0.5862	0	0	1.773e-06	1.773e-06
N56	3.141e-08	0.586	3.141e-08	1	1.872e-12	6.148e-11
S26	3.141e-08	0.586	0	0	4.134e-14	1.033e-13
S27	0.0001025	0.5861	0	0	4.384e-07	4.384e-07
N57	0.004581	0.5729	0.02221	1	0.01292	0.04323
S28	0.02518	0.598	0	0	1.064	0.03624
N58	0.0102	0.583	0.01201	1	0.004348	0.9232
S4	0.01201	0.5951	0	0	0.005795	0.08479
N59	0.007436	0.5905	0.007369	1	0.002483	0.07288
S3	0.00751	0.598	0	0	0.002309	0.01091
N60	0.003293	0.5938	0.004075	1	0.001148	0.002752
N61	0.001743	0.5955	0.006631	1	0.009906	0.000192
S2	0.006631	0.6022	0	0	0.001803	0.01851
S5	0.0175	0.613	0	0	1.994	0.01033
S1	0.004075	0.5979	0	0	0.000686	0.007681
S62	0.5425	0.5425	0	0	5.467	4.632
