# print with MP based on the cost matrix: 
#  0->0 =0
#  0->1 =2
#  1->0 =1
#  1->1 =0
# MP Gain and Loss counts
branch	branchLength	distance2root	distance2NearestOTU	numOfNodes2NearestOTU	exp01	exp10
N1	-1	0	17.2694	1	0	0
N2	17.2694	17.2694	0.546628	2	0	1
N3	1e-06	17.2694	0.546627	2	0	1
N4	0.151237	17.4206	0.395391	2	0	0
N5	0.34019	17.7608	0.237588	1	0	0
S30	0.309232	18.07	0	0	0	0
S29	0.237588	17.9984	0	0	0	0
N6	0.0821859	17.5028	0.313205	1	0	1
S34	0.359162	17.862	0	0	0	0
N7	0.306371	17.8092	0.00683356	1	1	1
S32	0.00683356	17.816	0	0	0	0
N8	0.0127557	17.8219	0.0214457	1	0	0
S33	0.0214457	17.8434	0	0	1	0
S31	0.139769	17.9617	0	0	0	0
N9	0.175334	17.4447	0.59749	1	0	0
S36	0.846468	18.2912	0	0	0	1
S35	0.59749	18.0422	0	0	0	1
N10	0.504535	17.7739	0.782635	1	0	0
S37	1.58599	19.3599	0	0	0	1
N11	0.212559	17.9865	0.570076	2	0	1
N12	1.06929	19.0558	0.108832	1	2	0
S61	0.108832	19.1646	0	0	0	0
N13	0.00428866	19.0601	0.231328	2	1	0
N14	0.0998328	19.1599	0.131495	2	0	0
N15	0.103481	19.2634	0.154171	1	0	0
S51	0.154171	19.4175	0	0	0	0
N16	0.0518971	19.3153	0.188395	2	0	0
N17	0.0652576	19.3805	0.148011	1	0	0
S53	0.194161	19.5747	0	0	0	0
S52	0.148011	19.5285	0	0	0	0
N18	0.0984621	19.4137	0.0899329	1	0	0
N19	0.0402291	19.454	0.0497038	1	0	0
S48	0.0895986	19.5436	0	0	0	0
N20	0.0431265	19.4971	0.00657726	1	0	0
S49	0.00657726	19.5037	0	0	0	0
S50	0.0299493	19.527	0	0	0	0
S54	0.378552	19.7923	0	0	0	0
N21	0.0399837	19.1999	0.0915118	1	0	1
N22	0.0838938	19.2838	0.0509998	1	0	0
S58	0.0509998	19.3348	0	0	0	0
N23	0.0245387	19.3083	0.056508	1	0	0
S59	0.056508	19.3648	0	0	0	0
N24	0.0629492	19.3713	0.0220668	1	0	0
N25	0.0220658	19.3933	1e-06	1	0	0
S57	1e-06	19.3933	0	0	0	0
S56	0.00387933	19.3972	0	0	0	0
S60	0.0713634	19.4426	0	0	0	0
S55	0.0915118	19.2914	0	0	0	0
N26	0.225866	19.2859	0.270632	1	0	0
N27	0.0388954	19.3248	0.312297	2	0	0
N28	0.0971641	19.422	0.215133	2	0	0
N29	0.203831	19.6258	0.0113022	1	0	0
N30	0.0118874	19.6377	1e-06	1	0	0
S41	1e-06	19.6377	0	0	0	0
N31	0.00224585	19.6399	0.0331071	1	0	0
S40	0.101341	19.7413	0	0	0	0
S43	0.0331071	19.6731	0	0	0	0
S42	0.0113022	19.6371	0	0	0	0
N32	0.230002	19.652	0.0626137	1	0	0
S38	0.0626137	19.7146	0	0	0	0
S39	0.0784739	19.7305	0	0	0	0
N33	0.0808537	19.4057	0.288393	1	0	0
N34	0.442727	19.8484	0.0501768	1	0	0
S46	0.0501768	19.8986	0	0	0	0
S45	0.0558342	19.9042	0	0	0	0
S44	0.288393	19.6941	0	0	0	0
S47	0.270632	19.5566	0	0	0	0
N35	0.103572	18.0901	0.466505	2	0	0
N36	0.214096	18.3041	0.252408	2	0	0
N37	0.209103	18.5133	0.0433051	2	0	0
N38	0.0402665	18.5535	0.00303859	1	0	0
S22	0.0106459	18.5642	0	0	0	0
S21	0.00303859	18.5566	0	0	0	0
N39	0.00455842	18.5178	0.0502175	1	0	0
S23	0.0502175	18.568	0	0	0	0
N40	0.0320783	18.5499	0.0724351	1	0	0
S24	0.147693	18.6976	0	0	0	0
N41	0.0685393	18.6184	0.00389582	2	0	0
N42	0.00617681	18.6246	2e-06	2	0	0
N43	1e-06	18.6246	1e-06	1	0	0
S9	0.0033087	18.6279	0	0	0	0
S8	1e-06	18.6246	0	0	0	0
N44	0.00330953	18.6279	1e-06	1	0	0
N45	0.00331247	18.6312	2e-06	1	0	0
N46	1e-06	18.6312	1e-06	1	0	0
S6	1e-06	18.6312	0	0	0	0
N47	1e-06	18.6312	0.0033109	1	0	0
S11	0.00331692	18.6345	0	0	0	0
S10	0.0033109	18.6345	0	0	0	0
S12	0.00331491	18.6345	0	0	0	0
S7	1e-06	18.6279	0	0	0	0
N48	0.00389282	18.6223	3e-06	1	0	0
N49	1e-06	18.6223	2e-06	1	0	0
N50	1e-06	18.6223	1e-06	1	0	0
S14	1e-06	18.6223	0	0	0	0
N51	0.00999485	18.6323	2e-06	2	0	0
N52	1e-06	18.6323	1e-06	1	0	0
N53	0.00331482	18.6356	1e-06	1	0	0
S18	1e-06	18.6356	0	0	0	0
S20	0.00665251	18.6423	0	0	0	0
S19	1e-06	18.6323	0	0	0	0
N54	0.00332121	18.6356	1e-06	1	0	0
S16	1e-06	18.6356	0	0	0	0
S17	0.00331962	18.639	0	0	0	0
S15	0.00332715	18.6257	0	0	0	0
S13	0.00330356	18.6256	0	0	0	0
N55	0.35114	18.6553	2e-06	1	0	0
S25	0.00656001	18.6619	0	0	0	0
N56	1e-06	18.6553	1e-06	1	0	0
S26	1e-06	18.6553	0	0	0	0
S27	0.00326181	18.6586	0	0	0	0
N57	0.145823	18.2359	0.706975	1	0	0
S28	0.801685	19.0376	0	0	1	0
N58	0.324618	18.5605	0.382356	1	0	1
S4	0.382356	18.9429	0	0	0	0
N59	0.236698	18.7972	0.234569	1	0	0
S3	0.239056	19.0362	0	0	0	0
N60	0.104836	18.902	0.129733	1	0	0
N61	0.0554948	18.9575	0.211077	1	0	0
S2	0.211077	19.1686	0	0	0	0
S5	0.556975	19.5145	0	0	2	0
S1	0.129733	19.0318	0	0	0	0
S62	17.2694	17.2694	0	0	0	1
