# Gain and Loss
branch	branchLength	distance2root	distance2NearestOTU	numOfNodes2NearestOTU	exp01	exp10
N2	0.4278	0.4278	0.01381	2	2.154	1.983
N3	0.001159	0.429	0.01265	1	0.0441	0.05613
S27	0.01336	0.4423	0	0	1.772	0.1063
S28	0.01265	0.4416	0	0	0.3684	0.2849
N4	0.02257	0.4504	0.01261	3	1.138	0.8038
N5	0.02932	0.4797	0.004043	2	2.376	0.05688
N6	0.004319	0.484	0.007583	2	0.6356	0.03471
N7	0.001678	0.4857	0.006819	1	0.003634	0.01326
S35	0.006819	0.4925	0	0	0.01462	0.05302
S37	0.012	0.4977	0	0	0.02627	0.09257
N8	0.0008787	0.4849	0.006704	1	0.001955	0.006951
S36	0.006704	0.4916	0	0	0.01435	0.05233
N9	0.002152	0.487	0.00522	2	0.004519	0.01691
N10	0.004949	0.492	0.000271	1	0.01055	0.03833
S33	0.0002785	0.4923	0	0	0.000586	0.00212
N11	0.0002709	0.4923	2.477e-08	1	0.0005701	0.002062
N12	5.271e-05	0.4923	0.0007831	1	0.0001109	0.0004008
S31	0.002396	0.4947	0	0	0.005089	0.01815
S34	0.0007831	0.4931	0	0	0.001652	0.005947
S32	2.477e-08	0.4923	0	0	5.208e-08	1.884e-07
N13	0.005461	0.4925	0.001651	1	0.01166	0.04226
S29	0.001651	0.4942	0	0	0.003497	0.01251
S30	0.001676	0.4942	0	0	0.003551	0.0127
N14	0.001494	0.4812	0.002549	1	0.05602	0.04115
S51	0.002549	0.4837	0	0	0.005416	0.3396
N15	0.002479	0.4837	0.003135	2	0.009906	0.005512
N16	0.001016	0.4847	0.002119	1	0.002136	0.3309
S45	0.002119	0.4868	0	0	0.004349	0.01334
N17	0.002081	0.4868	0.001277	1	0.004271	0.01325
S48	0.001277	0.488	0	0	0.002611	0.0023
N18	0.0005703	0.4873	0.001328	1	0.001162	0.001036
S49	0.001328	0.4887	0	0	0.002715	0.00237
N19	0.001549	0.4889	0.0004957	1	0.00317	0.002768
S50	0.001752	0.4906	0	0	0.00359	0.00314
N20	0.0004956	0.4894	2.477e-08	1	0.00101	0.0008818
S46	9.284e-05	0.4895	0	0	0.0001888	0.0001649
S47	2.477e-08	0.4894	0	0	5.035e-08	4.397e-08
N21	0.002413	0.4861	0.00371	1	0.6655	0.02031
N22	0.001363	0.4874	0.004496	2	0.003577	0.01136
N23	0.003092	0.4905	0.001404	1	0.006415	0.02551
S38	0.001947	0.4925	0	0	0.004039	0.01585
N24	0.0005234	0.4911	0.0008806	1	0.001079	0.00427
N25	0.0007217	0.4918	0.0001588	1	0.001491	0.00587
S39	0.0001588	0.4919	0	0	0.0003276	0.001288
S40	0.0006986	0.4925	0	0	0.001444	0.005662
S44	0.009615	0.5007	0	0	0.02063	0.07713
N26	0.001379	0.4888	0.003593	1	0.002842	0.01141
S42	0.003593	0.4924	0	0	0.007487	0.02942
S43	0.004679	0.4935	0	0	0.009795	0.03824
S41	0.00371	0.4898	0	0	0.008477	0.03079
N27	0.0005424	0.4509	0.01207	2	0.005761	0.02197
N28	0.005261	0.4562	0.006809	2	0.7659	0.01488
N29	0.006809	0.463	2.477e-08	1	0.004267	0.001531
S24	2.477e-08	0.463	0	0	1.204e-12	7.251e-12
N30	0.0001518	0.4631	2.477e-08	1	3.806e-07	3.806e-07
S25	2.477e-08	0.4631	0	0	1.116e-14	5.978e-14
S26	7.548e-05	0.4632	0	0	9.411e-08	9.411e-08
N31	0.006142	0.4623	0.000927	1	0.004126	0.00139
S22	0.000927	0.4633	0	0	1.425e-05	1.458e-05
N32	0.0002224	0.4626	0.001094	2	9.194e-07	1.208e-06
N33	0.0007469	0.4633	0.001604	1	9.878e-06	9.262e-06
N34	0.001515	0.4648	8.818e-05	2	3.789e-05	3.854e-05
N35	0.0001409	0.465	4.955e-08	2	3.279e-07	3.312e-07
N36	7.524e-05	0.465	2.477e-08	1	9.351e-08	9.351e-08
S6	2.477e-08	0.465	0	0	1.059e-14	3.463e-14
N37	7.529e-05	0.4651	4.955e-08	1	9.363e-08	9.363e-08
N38	2.477e-08	0.4651	2.477e-08	1	1.061e-14	3.464e-14
N39	2.477e-08	0.4651	7.534e-05	1	3.469e-14	1.059e-14
S11	7.534e-05	0.4652	0	0	9.375e-08	9.375e-08
S10	7.539e-05	0.4652	0	0	9.387e-08	9.387e-08
S5	2.477e-08	0.4651	0	0	1.002e-14	1.002e-14
S9	7.522e-05	0.4652	0	0	9.346e-08	9.346e-08
N40	2.477e-08	0.465	2.477e-08	1	1.109e-14	5.636e-14
S8	7.523e-05	0.465	0	0	9.347e-08	9.347e-08
S7	2.477e-08	0.465	0	0	1.004e-14	1.007e-14
N41	8.811e-05	0.4649	7.432e-08	1	1.283e-07	1.315e-07
N42	2.477e-08	0.4649	4.955e-08	2	1.071e-14	3.923e-14
N43	0.0002273	0.4651	4.955e-08	2	8.529e-07	8.529e-07
N44	2.477e-08	0.4651	2.477e-08	1	1.176e-14	8.451e-14
N45	7.535e-05	0.4652	2.477e-08	1	9.377e-08	9.377e-08
S17	2.477e-08	0.4652	0	0	1.116e-14	5.949e-14
S19	0.0001512	0.4654	0	0	3.775e-07	3.775e-07
S18	2.477e-08	0.4651	0	0	1.002e-14	1.007e-14
N46	7.547e-05	0.4652	2.477e-08	1	9.407e-08	9.407e-08
S15	2.477e-08	0.4652	0	0	1.059e-14	3.475e-14
S16	7.543e-05	0.4653	0	0	9.398e-08	9.398e-08
N47	2.477e-08	0.4649	2.477e-08	1	1.005e-14	1.011e-14
S13	2.477e-08	0.4649	0	0	1.002e-14	1.003e-14
S14	7.566e-05	0.465	0	0	9.456e-08	9.456e-08
S12	7.507e-05	0.465	0	0	9.308e-08	9.308e-08
S23	0.003432	0.4667	0	0	0.0001938	0.0001944
N48	0.001017	0.4636	7.708e-05	1	1.707e-05	1.711e-05
S20	7.708e-05	0.4636	0	0	9.819e-08	1.013e-07
S21	0.0002342	0.4638	0	0	9.056e-07	9.087e-07
N49	0.0103	0.4612	0.009503	1	0.001814	0.2404
S4	0.01014	0.4714	0	0	0.001672	0.009349
N50	0.005101	0.4663	0.004402	1	0.0004384	0.007995
S2	0.004928	0.4713	0	0	0.0003981	0.0005186
N51	0.002165	0.4685	0.002236	1	8.494e-05	0.0001915
S3	0.008197	0.4767	0	0	0.001095	0.001109
S1	0.002236	0.4707	0	0	8.24e-05	9.635e-05
S52	0.4278	0.4278	0	0	3.235	1.843
