# print count over countCutOffLow=0.1 to countCutOffHigh=0.9 with increment=0.05
POS	prob01	prob10	exp01	exp10	prob01_Rec	prob10_Rec	exp01_Rec	exp10_Rec	prob01_Anc	prob10_Anc	exp01_Anc	exp10_Anc	count01_0.1	count10_0.1	count01_0.15	count10_0.15	count01_0.2	count10_0.2	count01_0.25	count10_0.25	count01_0.3	count10_0.3	count01_0.35	count10_0.35	count01_0.4	count10_0.4	count01_0.45	count10_0.45	count01_0.5	count10_0.5	count01_0.55	count10_0.55	count01_0.6	count10_0.6	count01_0.65	count10_0.65	count01_0.7	count10_0.7	count01_0.75	count10_0.75	count01_0.8	count10_0.8	count01_0.85	count10_0.85	count01_0.9	count10_0.9	
1	2.062	0.5067	2.162	0.5288	0.9405	0.2228	1.028	0.229	1.121	0.284	1.134	0.2997	3	2	3	1	3	1	2	0	2	0	2	0	2	0	2	0	2	0	2	0	2	0	2	0	2	0	2	0	2	0	2	0	2	0	
2	1.269	0.6363	1.291	0.662	1.03	0.3254	1.036	0.3388	0.2392	0.3109	0.2549	0.3231	3	4	2	2	2	1	1	0	1	0	1	0	1	0	1	0	1	0	1	0	1	0	1	0	1	0	1	0	1	0	1	0	0	0	
3	1.24	1.092	1.303	1.116	0.546	0.2998	0.5525	0.3151	0.6938	0.7922	0.7505	0.8013	3	3	2	3	2	2	2	1	2	1	2	1	1	1	1	1	1	1	1	1	1	0	0	0	0	0	0	0	0	0	0	0	0	0	
4	1.287	0.4183	1.3	0.4437	0.1436	0.2061	0.15	0.2189	1.144	0.2121	1.15	0.2249	3	2	1	2	1	2	1	0	1	0	1	0	1	0	1	0	1	0	1	0	1	0	1	0	1	0	1	0	1	0	1	0	1	0	
5	1.96	1.143	1.974	1.17	0.1471	0.5532	0.1537	0.5664	1.813	0.5899	1.82	0.6031	5	4	3	4	3	4	3	2	3	2	3	0	2	0	2	0	2	0	2	0	2	0	1	0	0	0	0	0	0	0	0	0	0	0	
6	1.292	0.9442	1.306	0.9701	0.147	0.552	0.1534	0.5649	1.145	0.3923	1.152	0.4052	3	2	1	2	1	2	1	0	1	0	1	0	1	0	1	0	1	0	1	0	1	0	1	0	1	0	1	0	1	0	1	0	1	0	
7	1.407	0.8511	1.428	0.8769	0.2374	0.3113	0.2502	0.3239	1.17	0.5398	1.178	0.553	4	3	4	3	3	3	1	0	1	0	1	0	1	0	1	0	1	0	1	0	1	0	1	0	1	0	1	0	0	0	0	0	0	0	
8	1.155	0.3992	1.25	0.422	0.9788	0.1488	1.067	0.155	0.1766	0.2504	0.1828	0.267	2	2	1	1	1	1	1	0	1	0	1	0	1	0	1	0	1	0	1	0	1	0	1	0	1	0	1	0	1	0	1	0	1	0	
9	1.397	0.6567	1.426	0.6822	1.121	0.3334	1.134	0.3463	0.276	0.3234	0.2919	0.3359	3	4	3	2	3	2	1	0	1	0	1	0	1	0	1	0	1	0	1	0	1	0	1	0	1	0	1	0	1	0	1	0	0	0	
