# Gain and Loss
branch	branchLength	distance2root	distance2NearestOTU	numOfNodes2NearestOTU	exp01	exp10
N2	0.1907	0.1907	0.06668	1	1.771	1.649
S36	0.06668	0.2574	0	0	0.3806	1.174
N3	0.07707	0.2678	0.04827	2	0.4546	0.3855
N4	0.01035	0.2782	0.03792	1	0.1512	0.2059
N5	0.0112	0.2894	0.02671	2	0.1399	0.05765
N6	0.03407	0.3234	0.01408	1	0.4633	0.09382
S29	0.01408	0.3375	0	0	0.02466	0.03385
S30	0.02301	0.3464	0	0	0.03961	0.05728
N7	0.006189	0.2956	0.02052	1	0.07357	0.4302
N8	0.02052	0.3161	4.043e-08	1	0.2532	1.17
N9	0.0005782	0.3167	0.0005972	1	0.01365	1.535e-05
S31	0.004515	0.3212	0	0	0.0003617	0.01399
S33	0.0005972	0.3173	0	0	0.9864	0.001994
S32	4.043e-08	0.3161	0	0	2.15e-09	3.395e-07
S34	0.03049	0.3261	0	0	0.06233	0.2644
S35	0.08461	0.3628	0	0	0.1998	0.8815
N10	0.05248	0.3203	0.04421	2	1.045	1.107
N11	0.04421	0.3645	1.209e-07	1	0.2223	0.4057
N12	4.276e-08	0.3645	7.814e-08	1	2.504e-11	1.528e-10
N13	3.98e-08	0.3645	3.834e-08	1	3.035e-14	8.978e-14
N14	3.608e-08	0.3645	0.0002917	2	1.611e-13	3.347e-14
N15	0.0001086	0.3646	0.0001831	2	2.102e-07	2.052e-07
N16	0.000183	0.3648	7.642e-08	2	5.815e-07	5.865e-07
N17	9.533e-05	0.3649	4.245e-08	1	1.577e-07	1.577e-07
N18	9.548e-05	0.365	7.81e-08	1	1.582e-07	1.582e-07
N19	3.976e-08	0.365	3.834e-08	1	3.086e-14	7.049e-14
S6	3.834e-08	0.365	0	0	2.553e-14	2.553e-14
N20	4.267e-08	0.365	9.565e-05	1	7.799e-14	3.52e-14
S10	9.565e-05	0.3651	0	0	1.588e-07	1.588e-07
S12	9.581e-05	0.3651	0	0	1.593e-07	1.593e-07
S11	9.539e-05	0.3651	0	0	1.58e-07	1.58e-07
S7	4.245e-08	0.3649	0	0	3.493e-14	7.721e-14
N21	3.808e-08	0.3648	3.834e-08	1	3.149e-14	1.046e-13
S8	3.834e-08	0.3648	0	0	2.553e-14	2.558e-14
S9	9.516e-05	0.3649	0	0	1.572e-07	1.572e-07
N22	0.002272	0.3669	0.002616	1	9.111e-05	8.963e-05
N23	0.001118	0.368	0.001497	2	2.204e-05	2.331e-05
N24	0.001409	0.3694	8.85e-05	1	3.445e-05	3.465e-05
S21	8.85e-05	0.3695	0	0	1.363e-07	1.407e-07
S22	0.0003201	0.3697	0	0	1.778e-06	1.783e-06
N25	0.001079	0.3691	0.0004479	1	2.154e-05	2.054e-05
S23	0.0004479	0.3695	0	0	3.595e-06	4.799e-06
N26	0.0238	0.3929	3.314e-05	1	0.009694	0.009695
S25	3.314e-05	0.3929	0	0	2.014e-08	3.15e-08
N27	0.0001383	0.393	3.834e-08	1	3.331e-07	3.445e-07
S26	3.834e-08	0.393	0	0	2.988e-14	8.048e-14
S27	8.488e-05	0.3931	0	0	1.251e-07	1.251e-07
S24	0.005378	0.3723	0	0	0.0005006	0.0005021
N28	0.000292	0.3648	4.286e-08	1	1.479e-06	1.479e-06
N29	3.614e-08	0.3648	9.595e-05	2	6.227e-14	2.586e-14
N30	9.611e-05	0.3649	3.819e-08	1	1.603e-07	1.603e-07
S16	3.819e-08	0.3649	0	0	2.864e-14	6.723e-14
S17	9.608e-05	0.365	0	0	1.602e-07	1.602e-07
N31	9.592e-05	0.3649	3.585e-08	1	1.597e-07	1.597e-07
S18	3.585e-08	0.3649	0	0	2.858e-14	1.01e-13
S20	0.0001926	0.3651	0	0	6.438e-07	6.438e-07
S19	4.286e-08	0.3648	0	0	3.184e-14	3.195e-14
S14	3.834e-08	0.3645	0	0	2.553e-14	2.553e-14
S15	9.552e-05	0.3646	0	0	1.584e-07	1.584e-07
S13	9.535e-05	0.3646	0	0	1.578e-07	1.58e-07
N32	0.03478	0.3551	0.08704	2	0.08861	0.2867
N33	0.03339	0.3885	0.1364	1	0.3567	0.2038
S37	0.1364	0.5248	0	0	1.041	0.9684
N34	0.1563	0.5448	0.001041	1	3.523	0.7473
N35	0.006437	0.5512	0.00625	1	0.02438	0.02471
N36	0.003401	0.5546	0.005149	2	0.01276	0.01295
N37	0.002463	0.5571	0.006117	1	0.009226	0.009409
N38	0.002627	0.5597	0.006321	2	0.009844	0.01954
N39	0.009886	0.5696	0.01311	1	0.04719	0.03794
N40	0.001827	0.5714	0.01432	2	0.006874	0.006897
N41	0.00194	0.5733	0.01238	1	0.007273	0.007318
N42	0.00368	0.577	0.01011	2	0.01385	0.01392
N43	0.01351	0.5905	0.001956	1	0.05181	0.05191
S38	0.001956	0.5925	0	0	0.007341	0.007336
S39	0.002712	0.5932	0	0	0.01019	0.01018
N44	0.009497	0.5865	0.0006114	1	0.03613	0.03623
S40	0.002546	0.5891	0	0	0.009565	0.009569
N45	0.0004994	0.587	0.000112	1	0.001868	0.00187
N46	0.000112	0.5871	4.041e-08	1	0.0004187	0.0004189
S41	4.041e-08	0.5871	0	0	1.51e-07	1.511e-07
S42	0.0007179	0.5879	0	0	0.002687	0.002689
S43	0.0005925	0.5876	0	0	0.002217	0.002219
S44	0.01238	0.5857	0	0	0.04735	0.04751
N47	0.03402	0.6054	0.0007441	1	0.1355	0.1355
S45	0.002789	0.6082	0	0	0.0105	0.01044
S46	0.0007441	0.6062	0	0	0.00279	0.002775
S47	0.01311	0.5827	0	0	0.05022	0.05044
N48	0.002386	0.5621	0.003935	2	0.008934	0.9967
N49	0.0007435	0.5628	0.003564	1	0.002778	0.005125
S55	0.003564	0.5664	0	0	0.01339	0.01392
S61	0.00917	0.572	0	0	0.03482	0.03551
N50	0.002292	0.5644	0.001643	1	0.008589	0.01139
N51	0.0009437	0.5653	0.001819	1	0.003527	0.003568
N52	0.002038	0.5674	0.0006029	1	0.007635	0.007702
N53	0.0006028	0.568	5.055e-08	1	0.002252	0.002271
S56	0.0001111	0.5681	0	0	0.0004146	0.0004179
S57	5.055e-08	0.568	0	0	1.886e-07	1.902e-07
S60	0.00215	0.5695	0	0	0.008058	0.008121
S59	0.001819	0.5671	0	0	0.006812	0.006873
S58	0.001643	0.566	0	0	0.006149	0.006213
S51	0.006117	0.5632	0	0	0.02314	0.02334
N54	0.003294	0.5579	0.001855	1	0.01236	0.01252
S48	0.002727	0.5606	0	0	0.01022	0.01034
N55	0.001855	0.5598	7.692e-08	1	0.006943	0.007027
N56	4.208e-08	0.5598	3.484e-08	1	1.569e-07	1.588e-07
S49	3.484e-08	0.5598	0	0	1.299e-07	1.314e-07
S50	0.001158	0.5609	0	0	0.004327	0.004376
S54	0.02065	0.5804	0	0	0.08015	0.08071
S52	0.00625	0.5575	0	0	0.02358	0.02391
S53	0.001041	0.5458	0	0	0.003991	0.003976
N57	0.02153	0.3766	0.06551	1	0.04281	0.2699
S28	0.09204	0.4686	0	0	1.539	0.2264
N58	0.0324	0.409	0.03311	1	0.01938	0.6971
S4	0.03762	0.4466	0	0	0.02343	0.1039
N59	0.0203	0.4293	0.01281	1	0.008137	0.07248
S3	0.01281	0.4421	0	0	0.002807	0.01897
N60	0.006224	0.4355	0.0102	1	0.00619	0.002038
S5	0.042	0.4775	0	0	2.005	0.02484
N61	0.005062	0.4406	0.005143	1	0.0005023	0.01938
S1	0.005143	0.4457	0	0	0.0004573	0.001889
S2	0.01589	0.4565	0	0	0.004313	0.005745
S62	0.1907	0.1907	0	0	1.713	1.487
