# Gain and Loss
branch	branchLength	distance2root	distance2NearestOTU	numOfNodes2NearestOTU	exp01	exp10
N2	0.4279	0.4279	0.01519	2	2.259	1.961
N3	0.002408	0.4303	0.01278	1	0.09483	0.1169
S27	0.01323	0.4436	0	0	1.748	0.1176
S28	0.01278	0.4431	0	0	0.3775	0.316
N4	0.02148	0.4494	0.01175	3	1.11	0.7845
N5	0.004945	0.4543	0.006804	2	0.7285	0.01676
N6	0.006804	0.4611	2.478e-08	1	0.004387	0.001883
S24	2.478e-08	0.4611	0	0	1.222e-12	9.866e-12
N7	0.0001519	0.4613	2.478e-08	1	4.265e-07	4.265e-07
S25	2.478e-08	0.4613	0	0	1.268e-14	7.447e-14
S26	7.554e-05	0.4614	0	0	1.055e-07	1.055e-07
N8	0.006145	0.4605	0.0009199	1	0.004232	0.001727
S22	0.0009199	0.4614	0	0	1.57e-05	1.619e-05
N9	0.0002307	0.4607	0.001095	2	1.099e-06	1.535e-06
N10	0.000747	0.4615	0.001605	1	1.115e-05	1.038e-05
S23	0.003434	0.4649	0	0	0.000217	0.0002178
N11	0.001516	0.463	8.813e-05	2	4.244e-05	4.327e-05
N12	0.0001411	0.4631	4.956e-08	2	3.679e-07	3.72e-07
N13	7.529e-05	0.4632	2.478e-08	1	1.048e-07	1.048e-07
N14	7.534e-05	0.4633	4.956e-08	1	1.049e-07	1.049e-07
S11	7.539e-05	0.4633	0	0	1.05e-07	1.05e-07
N15	2.478e-08	0.4633	2.478e-08	1	1.204e-14	4.263e-14
S5	2.478e-08	0.4633	0	0	1.141e-14	1.141e-14
N16	2.478e-08	0.4633	7.527e-05	1	4.262e-14	1.203e-14
S9	7.527e-05	0.4633	0	0	1.047e-07	1.047e-07
S10	7.544e-05	0.4633	0	0	1.052e-07	1.052e-07
S6	2.478e-08	0.4632	0	0	1.203e-14	4.259e-14
N17	2.478e-08	0.4631	2.478e-08	1	1.259e-14	7.021e-14
S8	7.528e-05	0.4632	0	0	1.047e-07	1.047e-07
S7	2.478e-08	0.4631	0	0	1.141e-14	1.145e-14
N18	8.808e-05	0.4631	4.956e-08	1	1.435e-07	1.476e-07
S12	7.512e-05	0.4631	0	0	1.043e-07	1.043e-07
N19	2.478e-08	0.4631	2.478e-08	1	1.214e-14	4.846e-14
N20	2.478e-08	0.4631	7.572e-05	1	1.06e-13	1.331e-14
N21	0.0002274	0.4633	4.956e-08	2	9.556e-07	9.556e-07
N22	2.478e-08	0.4633	2.478e-08	1	1.332e-14	1.057e-13
N23	7.54e-05	0.4634	2.478e-08	1	1.051e-07	1.051e-07
S17	2.478e-08	0.4634	0	0	1.267e-14	7.408e-14
S19	0.0001513	0.4635	0	0	4.23e-07	4.23e-07
S18	2.478e-08	0.4633	0	0	1.141e-14	1.148e-14
N24	7.552e-05	0.4634	2.478e-08	1	1.054e-07	1.054e-07
S15	2.478e-08	0.4634	0	0	1.204e-14	4.274e-14
S16	7.548e-05	0.4634	0	0	1.053e-07	1.053e-07
S14	7.572e-05	0.4631	0	0	1.06e-07	1.06e-07
S13	2.478e-08	0.4631	0	0	1.141e-14	1.141e-14
N25	0.001018	0.4617	7.712e-05	1	1.912e-05	1.917e-05
S20	7.712e-05	0.4618	0	0	1.1e-07	1.14e-07
S21	0.0002343	0.462	0	0	1.015e-06	1.019e-06
N26	0.001278	0.4507	0.01902	2	0.007037	0.03368
N27	0.02929	0.48	0.004078	2	2.43	0.062
N28	0.004282	0.4842	0.007584	2	0.5781	0.03844
N29	0.0008821	0.4851	0.006702	1	0.001942	0.007777
S36	0.006702	0.4918	0	0	0.01432	0.05813
N30	0.002153	0.4873	0.005224	2	0.004504	0.01884
N31	0.005462	0.4927	0.001658	1	0.01165	0.04691
S30	0.00167	0.4944	0	0	0.003529	0.014
S29	0.001658	0.4944	0	0	0.003503	0.0139
N32	0.004953	0.4922	0.000271	1	0.01053	0.04257
N33	0.000271	0.4925	2.478e-08	1	0.0005682	0.002284
S32	2.478e-08	0.4925	0	0	5.192e-08	2.086e-07
N34	5.302e-05	0.4926	0.0007831	1	0.0001111	0.0004464
S31	0.002397	0.495	0	0	0.005079	0.02008
S34	0.0007831	0.4933	0	0	0.001647	0.006582
S33	0.0002787	0.4925	0	0	0.0005845	0.002349
N35	0.001669	0.4859	0.006828	1	0.00359	0.0147
S37	0.01201	0.4979	0	0	0.02633	0.1027
S35	0.006828	0.4927	0	0	0.01462	0.05895
N36	0.001531	0.4815	0.002547	1	0.05804	0.04315
N37	0.00248	0.484	0.00314	2	0.01008	0.006052
N38	0.002409	0.4864	0.003713	1	0.6098	0.0227
S41	0.003713	0.4901	0	0	0.008387	0.03441
N39	0.001363	0.4877	0.004497	2	0.003494	0.01269
N40	0.00138	0.4891	0.003593	1	0.00283	0.01275
S43	0.00468	0.4938	0	0	0.009773	0.04259
S42	0.003593	0.4927	0	0	0.007463	0.03277
N41	0.003093	0.4908	0.001404	1	0.006393	0.02847
S38	0.001949	0.4928	0	0	0.004029	0.01766
N42	0.0005233	0.4914	0.0008807	1	0.001074	0.004755
S44	0.009619	0.501	0	0	0.02065	0.08557
N43	0.0007214	0.4921	0.0001593	1	0.001484	0.006531
S39	0.0001593	0.4922	0	0	0.0003272	0.001438
S40	0.0006986	0.4928	0	0	0.001438	0.006298
N44	0.001022	0.485	0.002118	1	0.002137	0.384
S45	0.002118	0.4871	0	0	0.004325	0.01654
N45	0.002082	0.4871	0.001278	1	0.00425	0.01643
S48	0.001278	0.4884	0	0	0.002597	0.0025
N46	0.0005701	0.4876	0.001328	1	0.001155	0.001129
N47	0.001549	0.4892	0.0004958	1	0.003153	0.002996
S50	0.001753	0.4909	0	0	0.003571	0.003394
N48	0.0004958	0.4897	2.478e-08	1	0.001004	0.0009537
S47	2.478e-08	0.4897	0	0	5.005e-08	4.754e-08
S46	9.285e-05	0.4898	0	0	0.0001876	0.0001782
S49	0.001328	0.489	0	0	0.0027	0.002565
S51	0.002547	0.484	0	0	0.005386	0.3957
N49	0.009463	0.4601	0.00956	1	0.00173	0.251
S4	0.01015	0.4703	0	0	0.001868	0.01173
N50	0.005136	0.4653	0.004423	1	0.000498	0.01019
S2	0.004912	0.4702	0	0	0.0004421	0.0006144
N51	0.002179	0.4675	0.002245	1	9.726e-05	0.0002497
S3	0.008195	0.4756	0	0	0.001223	0.001243
S1	0.002245	0.4697	0	0	9.283e-05	0.0001126
S52	0.4279	0.4279	0	0	3.319	1.849
