# print count over countCutOffLow=0.1 to countCutOffHigh=0.9 with increment=0.05
POS	prob01	prob10	exp01	exp10	prob01_Rec	prob10_Rec	exp01_Rec	exp10_Rec	prob01_Anc	prob10_Anc	exp01_Anc	exp10_Anc	count01_0.1	count10_0.1	count01_0.15	count10_0.15	count01_0.2	count10_0.2	count01_0.25	count10_0.25	count01_0.3	count10_0.3	count01_0.35	count10_0.35	count01_0.4	count10_0.4	count01_0.45	count10_0.45	count01_0.5	count10_0.5	count01_0.55	count10_0.55	count01_0.6	count10_0.6	count01_0.65	count10_0.65	count01_0.7	count10_0.7	count01_0.75	count10_0.75	count01_0.8	count10_0.8	count01_0.85	count10_0.85	count01_0.9	count10_0.9	
1	2.077	0.5511	2.193	0.5734	0.9577	0.2356	1.054	0.2427	1.119	0.3155	1.138	0.3307	3	2	3	1	3	1	3	0	2	0	2	0	2	0	2	0	2	0	2	0	2	0	2	0	2	0	2	0	2	0	2	0	1	0	
2	1.28	0.654	1.306	0.681	1.022	0.3374	1.029	0.3515	0.2584	0.3166	0.2764	0.3296	3	4	2	2	2	1	1	0	1	0	1	0	1	0	1	0	1	0	1	0	1	0	1	0	1	0	1	0	1	0	1	0	0	0	
3	1.266	1.045	1.332	1.071	0.5609	0.2935	0.5682	0.3088	0.7055	0.7516	0.7643	0.7618	3	3	2	3	2	2	2	1	2	1	2	1	1	1	1	1	1	1	1	0	1	0	0	0	0	0	0	0	0	0	0	0	0	0	
4	1.298	0.4179	1.313	0.4447	0.149	0.2056	0.1562	0.219	1.149	0.2123	1.157	0.2257	3	2	1	2	1	2	1	0	1	0	1	0	1	0	1	0	1	0	1	0	1	0	1	0	1	0	1	0	1	0	1	0	1	0	
5	1.916	1.259	1.931	1.287	0.1526	0.6115	0.1601	0.6254	1.763	0.6479	1.771	0.6618	5	4	4	4	3	4	3	2	3	2	3	2	3	0	2	0	2	0	2	0	1	0	0	0	0	0	0	0	0	0	0	0	0	0	
6	1.304	1.007	1.319	1.034	0.1527	0.5929	0.1599	0.6065	1.151	0.4143	1.159	0.4279	3	2	1	2	1	2	1	0	1	0	1	0	1	0	1	0	1	0	1	0	1	0	1	0	1	0	1	0	1	0	1	0	1	0	
7	1.409	0.9343	1.433	0.9614	0.2365	0.3311	0.25	0.3445	1.172	0.6032	1.183	0.6169	4	3	4	3	3	3	1	0	1	0	1	0	1	0	1	0	1	0	1	0	1	0	1	0	1	0	0	0	0	0	0	0	0	0	
8	1.178	0.395	1.283	0.4184	0.9955	0.156	1.094	0.163	0.1825	0.239	0.1896	0.2554	2	2	1	1	1	1	1	0	1	0	1	0	1	0	1	0	1	0	1	0	1	0	1	0	1	0	1	0	1	0	1	0	1	0	
9	1.403	0.671	1.434	0.6978	1.109	0.3446	1.123	0.3582	0.2936	0.3264	0.3117	0.3396	3	4	3	2	3	1	1	0	1	0	1	0	1	0	1	0	1	0	1	0	1	0	1	0	1	0	1	0	1	0	1	0	0	0	
