# Gain and Loss
branch	branchLength	distance2root	distance2NearestOTU	numOfNodes2NearestOTU	exp01	exp10
N2	0.4279	0.4279	0.0153	2	2.153	1.983
N3	0.002868	0.4308	0.01243	1	0.1091	0.1334
S27	0.01359	0.4444	0	0	1.781	0.1051
S28	0.01243	0.4432	0	0	0.3677	0.2743
N4	0.02096	0.4489	0.01311	2	1.013	0.7458
N5	0.001447	0.4503	0.01166	3	0.1881	0.003067
N6	0.02946	0.4798	0.004026	2	2.377	0.07862
N7	0.00434	0.4841	0.007593	2	0.6363	0.03774
N8	0.001684	0.4858	0.00682	1	0.003557	0.01439
S35	0.00682	0.4926	0	0	0.01427	0.05729
S37	0.012	0.4978	0	0	0.02569	0.1
N9	0.0008804	0.485	0.006712	1	0.001912	0.007534
S36	0.006712	0.4917	0	0	0.01402	0.05663
N10	0.002148	0.4871	0.005225	2	0.004398	0.01826
N11	0.005462	0.4926	0.001651	1	0.01138	0.04567
S30	0.001678	0.4943	0	0	0.00347	0.01373
S29	0.001651	0.4942	0	0	0.003416	0.01352
N12	0.004954	0.4921	0.0002711	1	0.0103	0.04146
N13	0.0002711	0.4924	2.478e-08	1	0.0005568	0.002229
S32	2.478e-08	0.4924	0	0	5.086e-08	2.036e-07
N14	5.241e-05	0.4924	0.0007839	1	0.0001076	0.0004305
S31	0.002398	0.4948	0	0	0.004974	0.01962
S34	0.0007839	0.4932	0	0	0.001615	0.006431
S33	0.0002786	0.4924	0	0	0.0005724	0.002291
N15	0.001483	0.4812	0.002543	1	0.0554	0.04182
S51	0.002543	0.4838	0	0	0.005267	0.3406
N16	0.002487	0.4837	0.003137	2	0.009812	0.007155
N17	0.001016	0.4848	0.002121	1	0.002083	0.3309
S45	0.002121	0.4869	0	0	0.004242	0.01469
N18	0.002082	0.4868	0.001277	1	0.004164	0.01458
N19	0.0005709	0.4874	0.001329	1	0.001134	0.001398
S49	0.001329	0.4887	0	0	0.002649	0.003208
N20	0.001549	0.489	0.0004957	1	0.003092	0.003742
S50	0.001754	0.4907	0	0	0.003504	0.004231
N21	0.0004957	0.4895	2.478e-08	1	0.0009845	0.001191
S46	9.29e-05	0.4895	0	0	0.0001842	0.0002228
S47	2.478e-08	0.4895	0	0	4.91e-08	5.94e-08
S48	0.001277	0.4881	0	0	0.002546	0.003108
N22	0.002412	0.4861	0.003711	1	0.666	0.02186
N23	0.001369	0.4875	0.004495	2	0.003522	0.01227
N24	0.001377	0.4889	0.003595	1	0.002766	0.01226
S43	0.004681	0.4936	0	0	0.009565	0.04114
S42	0.003595	0.4925	0	0	0.007309	0.03165
N25	0.003091	0.4906	0.001404	1	0.006256	0.02744
S38	0.001947	0.4926	0	0	0.003941	0.01704
N26	0.0005232	0.4911	0.0008808	1	0.001052	0.00459
S44	0.00962	0.5008	0	0	0.02017	0.08287
N27	0.0007222	0.4919	0.0001586	1	0.001455	0.006316
S39	0.0001586	0.492	0	0	0.0003192	0.001383
S40	0.0006989	0.4926	0	0	0.00141	0.00609
S41	0.003711	0.4899	0	0	0.008294	0.03314
N28	0.004854	0.4552	0.006804	2	0.6305	0.01586
N29	0.00614	0.4613	0.0009322	1	0.00374	0.001505
S22	0.0009322	0.4622	0	0	1.44e-05	1.476e-05
N30	0.0002169	0.4615	0.001095	2	8.7e-07	1.185e-06
N31	0.0007478	0.4623	0.001604	1	9.898e-06	9.282e-06
N32	0.001515	0.4638	8.839e-05	2	3.788e-05	3.853e-05
N33	0.0001408	0.4639	4.956e-08	2	3.273e-07	3.306e-07
N34	7.527e-05	0.464	2.478e-08	1	9.355e-08	9.355e-08
S6	2.478e-08	0.464	0	0	1.062e-14	3.468e-14
N35	7.531e-05	0.4641	4.956e-08	1	9.367e-08	9.367e-08
N36	2.478e-08	0.4641	2.478e-08	1	1.062e-14	3.472e-14
S5	2.478e-08	0.4641	0	0	1.006e-14	1.006e-14
N37	2.478e-08	0.4641	7.524e-05	1	3.471e-14	1.062e-14
S9	7.524e-05	0.4641	0	0	9.349e-08	9.349e-08
S10	7.541e-05	0.4641	0	0	9.39e-08	9.39e-08
S11	7.536e-05	0.4641	0	0	9.379e-08	9.379e-08
N38	2.478e-08	0.4639	2.478e-08	1	1.112e-14	5.638e-14
S7	2.478e-08	0.4639	0	0	1.006e-14	1.009e-14
S8	7.525e-05	0.464	0	0	9.351e-08	9.351e-08
N39	8.832e-05	0.4639	7.433e-08	1	1.289e-07	1.321e-07
N40	2.478e-08	0.4639	4.956e-08	1	1.073e-14	3.935e-14
N41	2.478e-08	0.4639	2.478e-08	1	1.008e-14	1.008e-14
N42	0.0002273	0.4641	4.956e-08	2	8.532e-07	8.532e-07
N43	2.478e-08	0.4641	2.478e-08	1	1.178e-14	8.458e-14
N44	7.537e-05	0.4642	2.478e-08	1	9.381e-08	9.381e-08
S17	2.478e-08	0.4642	0	0	1.12e-14	5.957e-14
S19	0.0001512	0.4643	0	0	3.777e-07	3.777e-07
S18	2.478e-08	0.4641	0	0	1.006e-14	1.01e-14
N45	7.549e-05	0.4642	2.478e-08	1	9.411e-08	9.411e-08
S15	2.478e-08	0.4642	0	0	1.063e-14	3.48e-14
S16	7.546e-05	0.4642	0	0	9.402e-08	9.402e-08
S13	2.478e-08	0.4639	0	0	1.006e-14	1.008e-14
S14	7.568e-05	0.4639	0	0	9.459e-08	9.459e-08
S12	7.509e-05	0.4639	0	0	9.312e-08	9.312e-08
S23	0.003434	0.4657	0	0	0.000194	0.0001946
N46	0.001018	0.4625	7.692e-05	1	1.71e-05	1.713e-05
S20	7.692e-05	0.4626	0	0	9.778e-08	1.009e-07
S21	0.0002344	0.4628	0	0	9.07e-07	9.102e-07
N47	0.006804	0.462	2.478e-08	1	0.00388	0.001646
S24	2.478e-08	0.462	0	0	1.085e-12	7.676e-12
N48	0.0001518	0.4621	2.478e-08	1	3.804e-07	3.804e-07
S25	2.478e-08	0.4621	0	0	1.12e-14	5.982e-14
S26	7.547e-05	0.4622	0	0	9.407e-08	9.407e-08
N49	0.009288	0.4581	0.009556	1	0.001814	0.193
S4	0.01013	0.4683	0	0	0.001669	0.008571
N50	0.00514	0.4633	0.004416	1	0.0004458	0.007238
S2	0.004914	0.4682	0	0	0.0003958	0.0005051
N51	0.002182	0.4655	0.002234	1	8.617e-05	0.0001821
S3	0.008203	0.4737	0	0	0.001097	0.00111
S1	0.002234	0.4677	0	0	8.224e-05	9.561e-05
S52	0.4279	0.4279	0	0	3.233	1.842
