# print count over countCutOffLow=0.1 to countCutOffHigh=0.9 with increment=0.05
POS	prob01	prob10	exp01	exp10	prob01_Rec	prob10_Rec	exp01_Rec	exp10_Rec	prob01_Anc	prob10_Anc	exp01_Anc	exp10_Anc	count01_0.1	count10_0.1	count01_0.15	count10_0.15	count01_0.2	count10_0.2	count01_0.25	count10_0.25	count01_0.3	count10_0.3	count01_0.35	count10_0.35	count01_0.4	count10_0.4	count01_0.45	count10_0.45	count01_0.5	count10_0.5	count01_0.55	count10_0.55	count01_0.6	count10_0.6	count01_0.65	count10_0.65	count01_0.7	count10_0.7	count01_0.75	count10_0.75	count01_0.8	count10_0.8	count01_0.85	count10_0.85	count01_0.9	count10_0.9	
1	2.043	0.5695	2.149	0.5912	0.9379	0.2241	1.025	0.2305	1.106	0.3454	1.124	0.3606	3	3	3	1	3	1	3	0	2	0	2	0	2	0	2	0	2	0	2	0	2	0	2	0	2	0	2	0	2	0	1	0	1	0	
2	1.271	0.6221	1.293	0.6477	1.033	0.3219	1.04	0.3353	0.2383	0.3001	0.253	0.3125	3	3	2	2	2	1	1	0	1	0	1	0	1	0	1	0	1	0	1	0	1	0	1	0	1	0	1	0	1	0	1	0	0	0	
3	1.25	1.037	1.31	1.062	0.5461	0.2942	0.5525	0.3093	0.7044	0.7432	0.7571	0.7526	3	3	2	3	2	2	2	1	2	1	2	1	1	1	1	1	1	1	1	0	0	0	0	0	0	0	0	0	0	0	0	0	0	0	
4	1.287	0.4166	1.3	0.4421	0.1437	0.206	0.15	0.2187	1.144	0.2106	1.15	0.2233	3	2	1	2	1	2	1	0	1	0	1	0	1	0	1	0	1	0	1	0	1	0	1	0	1	0	1	0	1	0	1	0	1	0	
5	1.961	1.141	1.975	1.167	0.1472	0.5526	0.1538	0.5658	1.814	0.5885	1.821	0.6017	5	4	3	4	3	4	3	2	3	2	3	0	2	0	2	0	2	0	2	0	2	0	1	0	0	0	0	0	0	0	0	0	0	0	
6	1.292	0.9432	1.306	0.969	0.147	0.5521	0.1535	0.565	1.145	0.3911	1.152	0.404	3	2	1	2	1	2	1	0	1	0	1	0	1	0	1	0	1	0	1	0	1	0	1	0	1	0	1	0	1	0	1	0	1	0	
7	1.397	0.9075	1.419	0.9332	0.2331	0.354	0.2459	0.3665	1.164	0.5536	1.173	0.5667	5	3	5	3	2	2	1	0	1	0	1	0	1	0	1	0	1	0	1	0	1	0	0	0	0	0	0	0	0	0	0	0	0	0	
8	1.156	0.3994	1.25	0.4222	0.9789	0.1489	1.067	0.1551	0.1766	0.2505	0.1828	0.2671	2	2	1	1	1	1	1	0	1	0	1	0	1	0	1	0	1	0	1	0	1	0	1	0	1	0	1	0	1	0	1	0	1	0	
9	1.4	0.6368	1.428	0.6623	1.127	0.3269	1.14	0.3397	0.2737	0.31	0.2885	0.3226	3	3	3	2	3	2	1	0	1	0	1	0	1	0	1	0	1	0	1	0	1	0	1	0	1	0	1	0	1	0	1	0	0	0	
