POS	Node	State	Prob
1	S34	1	0
1	S30	1	0
1	S29	1	0
1	N6	1	1.373e-05
1	S32	1	0
1	S31	1	0
1	S33	1	0
1	N8	1	9.051e-09
1	N7	1	1.921e-08
1	N5	1	0.0001509
1	N4	1	0.000976
1	S35	1	0
1	N3	1	0.03138
1	S36	1	1
1	S60	1	1
1	S57	1	1
1	S59	1	1
1	S56	1	1
1	S55	1	1
1	N19	1	1
1	N18	1	1
1	S58	1	1
1	N17	1	1
1	N16	1	1
1	S54	1	1
1	N15	1	1
1	S52	1	1
1	S51	1	1
1	N22	1	1
1	S53	1	1
1	S47	1	1
1	S49	1	1
1	S48	1	1
1	N25	1	1
1	N24	1	1
1	N23	1	1
1	N21	1	1
1	S50	1	1
1	N20	1	1
1	N14	1	1
1	S46	1	1
1	S43	1	1
1	S45	1	1
1	S44	1	1
1	N29	1	1
1	N28	1	1
1	S41	1	1
1	S42	1	1
1	S39	1	1
1	N33	1	1
1	S40	1	1
1	N32	1	1
1	N31	1	1
1	S37	1	1
1	S38	1	1
1	N34	1	1
1	N30	1	1
1	N27	1	1
1	N26	1	1
1	N13	1	1
1	N12	1	1
1	S26	1	1
1	S28	1	1
1	S27	1	1
1	N37	1	1
1	N36	1	1
1	S23	1	1
1	S22	1	1
1	N39	1	1
1	S25	1	1
1	S8	1	1
1	S11	1	1
1	S12	1	1
1	S13	1	1
1	N47	1	1
1	S7	1	1
1	N46	1	1
1	N45	1	1
1	N44	1	1
1	S9	1	1
1	S10	1	1
1	N48	1	1
1	N43	1	1
1	S16	1	1
1	S15	1	1
1	S20	1	1
1	S17	1	1
1	S18	1	1
1	N54	1	1
1	N53	1	1
1	S19	1	1
1	S21	1	1
1	N55	1	1
1	N52	1	1
1	N51	1	1
1	N50	1	1
1	S14	1	1
1	N49	1	1
1	N42	1	1
1	N41	1	1
1	S24	1	1
1	N40	1	1
1	N38	1	1
1	N35	1	1
1	N11	1	1
1	S6	1	1
1	S4	1	1
1	S3	1	1
1	S5	1	1
1	S2	1	1
1	S1	1	1
1	N60	1	1
1	N59	1	1
1	N58	1	1
1	N57	1	1
1	N56	1	1
1	N10	1	1
1	N9	1	0.9914
1	N2	1	0.03138
1	S61	1	1
1	N1	1	0.2127
2	S34	1	0
2	S30	1	0
2	S29	1	0
2	N6	1	8.391e-05
2	S32	1	0
2	S31	1	0
2	S33	1	0
2	N8	1	7.625e-08
2	N7	1	9.283e-08
2	N5	1	6.069e-05
2	N4	1	6.547e-05
2	S35	1	0
2	N3	1	0.0003311
2	S36	1	0.02615
2	S60	1	0
2	S57	1	0
2	S59	1	0
2	S56	1	0
2	S55	1	0
2	N19	1	4.37e-13
2	N18	1	4.504e-07
2	S58	1	0
2	N17	1	4.245e-07
2	N16	1	5.084e-07
2	S54	1	0
2	N15	1	1.539e-06
2	S52	1	0
2	S51	1	0
2	N22	1	8.019e-06
2	S53	1	0
2	S47	1	0
2	S49	1	0
2	S48	1	0
2	N25	1	4.036e-08
2	N24	1	9.411e-07
2	N23	1	6.392e-06
2	N21	1	2.092e-06
2	S50	1	0
2	N20	1	3.843e-06
2	N14	1	2.123e-06
2	S46	1	0
2	S43	1	0
2	S45	1	0
2	S44	1	0
2	N29	1	5.125e-06
2	N28	1	4.076e-05
2	S41	1	0
2	S42	1	0
2	S39	1	0
2	N33	1	3.244e-08
2	S40	1	0
2	N32	1	2.188e-13
2	N31	1	1.269e-07
2	S37	1	0
2	S38	1	0
2	N34	1	4.977e-06
2	N30	1	1.92e-05
2	N27	1	4.249e-06
2	N26	1	1.132e-05
2	N13	1	6.056e-06
2	N12	1	1.273e-05
2	S26	1	0
2	S28	1	0
2	S27	1	0
2	N37	1	9.844e-14
2	N36	1	1.01e-11
2	S23	1	0
2	S22	1	0
2	N39	1	5.978e-09
2	S25	1	0
2	S8	1	0
2	S11	1	0
2	S12	1	0
2	S13	1	0
2	N47	1	4.928e-14
2	S7	1	0
2	N46	1	1.694e-19
2	N45	1	4.919e-14
2	N44	1	4.915e-14
2	S9	1	0
2	S10	1	0
2	N48	1	1.585e-16
2	N43	1	9.343e-14
2	S16	1	0
2	S15	1	0
2	S20	1	0
2	S17	1	0
2	S18	1	0
2	N54	1	4.93e-14
2	N53	1	2.431e-16
2	S19	1	0
2	S21	1	0
2	N55	1	9.858e-14
2	N52	1	1.484e-13
2	N51	1	4.658e-17
2	N50	1	1.1e-16
2	S14	1	0
2	N49	1	6.106e-14
2	N42	1	7.281e-09
2	N41	1	1.327e-06
2	S24	1	0
2	N40	1	5.225e-08
2	N38	1	1.27e-07
2	N35	1	6.933e-05
2	N11	1	0.0001141
2	S6	1	0
2	S4	1	0
2	S3	1	0
2	S5	1	1
2	S2	1	0
2	S1	1	0
2	N60	1	0.0007046
2	N59	1	0.003249
2	N58	1	0.0008225
2	N57	1	0.0002713
2	N56	1	0.0001674
2	N10	1	0.0001047
2	N9	1	0.001687
2	N2	1	0.0003311
2	S61	1	0
2	N1	1	0.06173
3	S34	1	0
3	S30	1	0
3	S29	1	0
3	N6	1	8.131e-05
3	S32	1	0
3	S31	1	0
3	S33	1	0
3	N8	1	7.295e-08
3	N7	1	9.258e-08
3	N5	1	0.000101
3	N4	1	0.0002238
3	S35	1	0
3	N3	1	0.001791
3	S36	1	1
3	S60	1	0
3	S57	1	0
3	S59	1	0
3	S56	1	0
3	S55	1	0
3	N19	1	4.096e-13
3	N18	1	4.223e-07
3	S58	1	0
3	N17	1	3.98e-07
3	N16	1	4.766e-07
3	S54	1	0
3	N15	1	1.443e-06
3	S52	1	0
3	S51	1	0
3	N22	1	7.52e-06
3	S53	1	0
3	S47	1	0
3	S49	1	0
3	S48	1	0
3	N25	1	3.784e-08
3	N24	1	8.819e-07
3	N23	1	5.995e-06
3	N21	1	1.96e-06
3	S50	1	0
3	N20	1	3.604e-06
3	N14	1	1.992e-06
3	S46	1	0
3	S43	1	0
3	S45	1	0
3	S44	1	0
3	N29	1	4.807e-06
3	N28	1	3.823e-05
3	S41	1	0
3	S42	1	0
3	S39	1	0
3	N33	1	3.042e-08
3	S40	1	0
3	N32	1	2.049e-13
3	N31	1	1.19e-07
3	S37	1	0
3	S38	1	0
3	N34	1	4.667e-06
3	N30	1	1.801e-05
3	N27	1	3.977e-06
3	N26	1	1.062e-05
3	N13	1	5.8e-06
3	N12	1	1.24e-05
3	S26	1	0
3	S28	1	0
3	S27	1	0
3	N37	1	9.231e-14
3	N36	1	9.944e-12
3	S23	1	0
3	S22	1	0
3	N39	1	5.611e-09
3	S25	1	0
3	S8	1	0
3	S11	1	0
3	S12	1	0
3	S13	1	0
3	N47	1	4.621e-14
3	S7	1	0
3	N46	1	1.584e-19
3	N45	1	4.612e-14
3	N44	1	4.608e-14
3	S9	1	0
3	S10	1	0
3	N48	1	1.483e-16
3	N43	1	8.761e-14
3	S16	1	0
3	S15	1	0
3	S20	1	0
3	S17	1	0
3	S18	1	0
3	N54	1	4.623e-14
3	N53	1	2.275e-16
3	S19	1	0
3	S21	1	0
3	N55	1	9.243e-14
3	N52	1	1.391e-13
3	N51	1	4.368e-17
3	N50	1	1.029e-16
3	S14	1	0
3	N49	1	5.725e-14
3	N42	1	6.828e-09
3	N41	1	1.245e-06
3	S24	1	0
3	N40	1	5.314e-08
3	N38	1	1.339e-07
3	N35	1	0.0001199
3	N11	1	0.0005848
3	S6	1	0
3	S4	1	0
3	S3	1	0
3	S5	1	0
3	S2	1	0
3	S1	1	0
3	N60	1	9.031e-06
3	N59	1	1.159e-05
3	N58	1	2.125e-05
3	N57	1	0.0001417
3	N56	1	0.0004957
3	N10	1	0.0008347
3	N9	1	0.02761
3	N2	1	0.001792
3	S61	1	0
3	N1	1	0.06096
4	S34	1	0
4	S30	1	1
4	S29	1	1
4	N6	1	0.9958
4	S32	1	0
4	S31	1	0
4	S33	1	0
4	N8	1	8.43e-07
4	N7	1	3.04e-06
4	N5	1	0.02676
4	N4	1	0.006531
4	S35	1	0
4	N3	1	0.003739
4	S36	1	0
4	S60	1	0
4	S57	1	0
4	S59	1	0
4	S56	1	0
4	S55	1	0
4	N19	1	4.134e-13
4	N18	1	4.262e-07
4	S58	1	0
4	N17	1	4.016e-07
4	N16	1	4.81e-07
4	S54	1	0
4	N15	1	1.456e-06
4	S52	1	0
4	S51	1	0
4	N22	1	7.588e-06
4	S53	1	0
4	S47	1	0
4	S49	1	0
4	S48	1	0
4	N25	1	3.818e-08
4	N24	1	8.9e-07
4	N23	1	6.049e-06
4	N21	1	1.978e-06
4	S50	1	0
4	N20	1	3.636e-06
4	N14	1	2.008e-06
4	S46	1	0
4	S43	1	0
4	S45	1	0
4	S44	1	0
4	N29	1	4.85e-06
4	N28	1	3.858e-05
4	S41	1	0
4	S42	1	0
4	S39	1	0
4	N33	1	3.07e-08
4	S40	1	0
4	N32	1	2.068e-13
4	N31	1	1.201e-07
4	S37	1	0
4	S38	1	0
4	N34	1	4.71e-06
4	N30	1	1.817e-05
4	N27	1	4.014e-06
4	N26	1	1.071e-05
4	N13	1	5.722e-06
4	N12	1	1.204e-05
4	S26	1	0
4	S28	1	0
4	S27	1	0
4	N37	1	9.315e-14
4	N36	1	9.552e-12
4	S23	1	0
4	S22	1	0
4	N39	1	5.656e-09
4	S25	1	0
4	S8	1	0
4	S11	1	0
4	S12	1	0
4	S13	1	0
4	N47	1	4.663e-14
4	S7	1	0
4	N46	1	1.599e-19
4	N45	1	4.654e-14
4	N44	1	4.65e-14
4	S9	1	0
4	S10	1	0
4	N48	1	1.497e-16
4	N43	1	8.84e-14
4	S16	1	0
4	S15	1	0
4	S20	1	0
4	S17	1	0
4	S18	1	0
4	N54	1	4.665e-14
4	N53	1	2.296e-16
4	S19	1	0
4	S21	1	0
4	N55	1	9.327e-14
4	N52	1	1.404e-13
4	N51	1	4.407e-17
4	N50	1	1.039e-16
4	S14	1	0
4	N49	1	5.777e-14
4	N42	1	6.89e-09
4	N41	1	1.256e-06
4	S24	1	0
4	N40	1	4.931e-08
4	N38	1	1.199e-07
4	N35	1	6.493e-05
4	N11	1	0.0001021
4	S6	1	0
4	S4	1	0
4	S3	1	0
4	S5	1	0
4	S2	1	0
4	S1	1	0
4	N60	1	9.066e-06
4	N59	1	1.149e-05
4	N58	1	2.016e-05
4	N57	1	0.0001085
4	N56	1	0.0001387
4	N10	1	8.994e-05
4	N9	1	0.001444
4	N2	1	0.003739
4	S61	1	0
4	N1	1	0.06105
5	S34	1	1
5	S30	1	0.8406
5	S29	1	0.8466
5	N6	1	0.9012
5	S32	1	1
5	S31	1	1
5	S33	1	1
5	N8	1	1
5	N7	1	1
5	N5	1	0.9997
5	N4	1	0.9999
5	S35	1	1
5	N3	1	0.9964
5	S36	1	0.2582
5	S60	1	0.02752
5	S57	1	0.02963
5	S59	1	0.03065
5	S56	1	0.03018
5	S55	1	0.03022
5	N19	1	0.03018
5	N18	1	0.02997
5	S58	1	0.02991
5	N17	1	0.02937
5	N16	1	0.02913
5	S54	1	0.02921
5	N15	1	0.0283
5	S52	1	0.03182
5	S51	1	0.03141
5	N22	1	0.03005
5	S53	1	0.03366
5	S47	1	0.03156
5	S49	1	0.03141
5	S48	1	0.03119
5	N25	1	0.03113
5	N24	1	0.03074
5	N23	1	0.03038
5	N21	1	0.02943
5	S50	1	0.03039
5	N20	1	0.02892
5	N14	1	0.02788
5	S46	1	0.03166
5	S43	1	0.03284
5	S45	1	0.03451
5	S44	1	0.03459
5	N29	1	0.03413
5	N28	1	0.0303
5	S41	1	0.03238
5	S42	1	0.03268
5	S39	1	0.03326
5	N33	1	0.0324
5	S40	1	0.03238
5	N32	1	0.03238
5	N31	1	0.03228
5	S37	1	0.03303
5	S38	1	0.03315
5	N34	1	0.03249
5	N30	1	0.03044
5	N27	1	0.02953
5	N26	1	0.02915
5	N13	1	0.02686
5	N12	1	0.02658
5	S26	1	0
5	S28	1	0
5	S27	1	0
5	N37	1	8.25e-14
5	N36	1	1.758e-11
5	S23	1	0
5	S22	1	0
5	N39	1	5.108e-09
5	S25	1	0
5	S8	1	0
5	S11	1	0
5	S12	1	0
5	S13	1	0
5	N47	1	4.13e-14
5	S7	1	0
5	N46	1	1.405e-19
5	N45	1	4.122e-14
5	N44	1	4.118e-14
5	S9	1	0
5	S10	1	0
5	N48	1	1.318e-16
5	N43	1	7.828e-14
5	S16	1	0
5	S15	1	0
5	S20	1	0
5	S17	1	0
5	S18	1	0
5	N54	1	4.131e-14
5	N53	1	2.021e-16
5	S19	1	0
5	S21	1	0
5	N55	1	8.261e-14
5	N52	1	1.243e-13
5	N51	1	3.903e-17
5	N50	1	9.149e-17
5	S14	1	0
5	N49	1	5.114e-14
5	N42	1	6.103e-09
5	N41	1	1.122e-06
5	S24	1	0
5	N40	1	1.232e-07
5	N38	1	3.926e-07
5	N35	1	0.001181
5	N11	1	0.01112
5	S6	1	0
5	S4	1	0
5	S3	1	0
5	S5	1	0
5	S2	1	0
5	S1	1	0
5	N60	1	8.714e-06
5	N59	1	1.312e-05
5	N58	1	3.707e-05
5	N57	1	0.0006249
5	N56	1	0.006039
5	N10	1	0.01346
5	N9	1	0.3514
5	N2	1	0.9964
5	S61	1	0
5	N1	1	0.1168
6	S34	1	0
6	S30	1	0
6	S29	1	0
6	N6	1	3.391e-05
6	S32	1	0
6	S31	1	0
6	S33	1	0
6	N8	1	3.016e-08
6	N7	1	3.674e-08
6	N5	1	2.408e-05
6	N4	1	2.552e-05
6	S35	1	0
6	N3	1	0.0001325
6	S36	1	0
6	S60	1	1
6	S57	1	1
6	S59	1	1
6	S56	1	1
6	S55	1	1
6	N19	1	1
6	N18	1	1
6	S58	1	1
6	N17	1	1
6	N16	1	1
6	S54	1	1
6	N15	1	1
6	S52	1	1
6	S51	1	1
6	N22	1	1
6	S53	1	1
6	S47	1	1
6	S49	1	1
6	S48	1	1
6	N25	1	1
6	N24	1	1
6	N23	1	1
6	N21	1	1
6	S50	1	1
6	N20	1	1
6	N14	1	1
6	S46	1	1
6	S43	1	1
6	S45	1	1
6	S44	1	1
6	N29	1	1
6	N28	1	1
6	S41	1	1
6	S42	1	1
6	S39	1	1
6	N33	1	1
6	S40	1	1
6	N32	1	1
6	N31	1	1
6	S37	1	1
6	S38	1	1
6	N34	1	1
6	N30	1	1
6	N27	1	1
6	N26	1	1
6	N13	1	1
6	N12	1	1
6	S26	1	0
6	S28	1	0
6	S27	1	0
6	N37	1	3.951e-14
6	N36	1	5.64e-12
6	S23	1	0
6	S22	1	0
6	N39	1	2.416e-09
6	S25	1	0
6	S8	1	0
6	S11	1	0
6	S12	1	0
6	S13	1	0
6	N47	1	1.978e-14
6	S7	1	0
6	N46	1	6.396e-20
6	N45	1	1.974e-14
6	N44	1	1.973e-14
6	S9	1	0
6	S10	1	0
6	N48	1	6.081e-17
6	N43	1	3.746e-14
6	S16	1	0
6	S15	1	0
6	S20	1	0
6	S17	1	0
6	S18	1	0
6	N54	1	1.979e-14
6	N53	1	9.318e-17
6	S19	1	0
6	S21	1	0
6	N55	1	3.957e-14
6	N52	1	5.954e-14
6	N51	1	1.868e-17
6	N50	1	4.229e-17
6	S14	1	0
6	N49	1	2.445e-14
6	N42	1	2.921e-09
6	N41	1	5.354e-07
6	S24	1	0
6	N40	1	3.357e-08
6	N38	1	9.928e-08
6	N35	1	0.0002383
6	N11	1	0.002442
6	S6	1	0
6	S4	1	0
6	S3	1	0
6	S5	1	0
6	S2	1	0
6	S1	1	0
6	N60	1	3.851e-06
6	N59	1	4.995e-06
6	N58	1	9.764e-06
6	N57	1	8.182e-05
6	N56	1	0.0004511
6	N10	1	0.0009027
6	N9	1	0.000677
6	N2	1	0.0001325
6	S61	1	0
6	N1	1	0.05238
7	S34	1	0.00936
7	S30	1	0
7	S29	1	0
7	N6	1	0.0001921
7	S32	1	0
7	S31	1	0
7	S33	1	1
7	N8	1	0.01218
7	N7	1	0.004508
7	N5	1	0.001775
7	N4	1	0.002357
7	S35	1	0.01772
7	N3	1	0.00283
7	S36	1	0
7	S60	1	0.02417
7	S57	1	0.0271
7	S59	1	0.0285
7	S56	1	0.02787
7	S55	1	0.02792
7	N19	1	0.02787
7	N18	1	0.02758
7	S58	1	0.02749
7	N17	1	0.02674
7	N16	1	0.02641
7	S54	1	0.02652
7	N15	1	0.02525
7	S52	1	0.0301
7	S51	1	0.02955
7	N22	1	0.02768
7	S53	1	0.03259
7	S47	1	0.02974
7	S49	1	0.02954
7	S48	1	0.02925
7	N25	1	0.02917
7	N24	1	0.02863
7	N23	1	0.02813
7	N21	1	0.02683
7	S50	1	0.02815
7	N20	1	0.02612
7	N14	1	0.02467
7	S46	1	0.02989
7	S43	1	0.03148
7	S45	1	0.03372
7	S44	1	0.03383
7	N29	1	0.03321
7	N28	1	0.02802
7	S41	1	0.03086
7	S42	1	0.03127
7	S39	1	0.03205
7	N33	1	0.03089
7	S40	1	0.03086
7	N32	1	0.03086
7	N31	1	0.03072
7	S37	1	0.03175
7	S38	1	0.03191
7	N34	1	0.03102
7	N30	1	0.02821
7	N27	1	0.02696
7	N26	1	0.02644
7	N13	1	0.02324
7	N12	1	0.02285
7	S26	1	0
7	S28	1	0
7	S27	1	0
7	N37	1	1.078e-13
7	N36	1	1.119e-11
7	S23	1	0
7	S22	1	0
7	N39	1	6.546e-09
7	S25	1	0
7	S8	1	0
7	S11	1	0
7	S12	1	0
7	S13	1	0
7	N47	1	5.395e-14
7	S7	1	0
7	N46	1	1.862e-19
7	N45	1	5.385e-14
7	N44	1	5.38e-14
7	S9	1	0
7	S10	1	0
7	N48	1	1.74e-16
7	N43	1	1.023e-13
7	S16	1	0
7	S15	1	0
7	S20	1	0
7	S17	1	0
7	S18	1	0
7	N54	1	5.397e-14
7	N53	1	2.67e-16
7	S19	1	0
7	S21	1	0
7	N55	1	1.079e-13
7	N52	1	1.624e-13
7	N51	1	5.1e-17
7	N50	1	1.208e-16
7	S14	1	0
7	N49	1	6.686e-14
7	N42	1	7.972e-09
7	N41	1	1.453e-06
7	S24	1	0
7	N40	1	5.857e-08
7	N38	1	1.435e-07
7	N35	1	9.183e-05
7	N11	1	0.0002648
7	S6	1	0
7	S4	1	0
7	S3	1	0
7	S5	1	0.01146
7	S2	1	0
7	S1	1	0
7	N60	1	2.204e-05
7	N59	1	6.365e-05
7	N58	1	3.687e-05
7	N57	1	0.0001317
7	N56	1	0.0001964
7	N10	1	0.0001769
7	N9	1	0.001414
7	N2	1	0.00283
7	S61	1	0
7	N1	1	0.06286
8	S34	1	1
8	S30	1	0
8	S29	1	0
8	N6	1	0.01254
8	S32	1	0
8	S31	1	0
8	S33	1	0
8	N8	1	7.316e-06
8	N7	1	2.682e-05
8	N5	1	0.2125
8	N4	1	0.7939
8	S35	1	1
8	N3	1	0.7975
8	S36	1	0
8	S60	1	0.03611
8	S57	1	0.03924
8	S59	1	0.04072
8	S56	1	0.04005
8	S55	1	0.0401
8	N19	1	0.04005
8	N18	1	0.03974
8	S58	1	0.03965
8	N17	1	0.03886
8	N16	1	0.03851
8	S54	1	0.03863
8	N15	1	0.03727
8	S52	1	0.04239
8	S51	1	0.04181
8	N22	1	0.03985
8	S53	1	0.04496
8	S47	1	0.04202
8	S49	1	0.04181
8	S48	1	0.0415
8	N25	1	0.04142
8	N24	1	0.04086
8	N23	1	0.04033
8	N21	1	0.03895
8	S50	1	0.04035
8	N20	1	0.0382
8	N14	1	0.03666
8	S46	1	0.04217
8	S43	1	0.04382
8	S45	1	0.04612
8	S44	1	0.04623
8	N29	1	0.0456
8	N28	1	0.04022
8	S41	1	0.04318
8	S42	1	0.04361
8	S39	1	0.04441
8	N33	1	0.04321
8	S40	1	0.04318
8	N32	1	0.04318
8	N31	1	0.04304
8	S37	1	0.04409
8	S38	1	0.04426
8	N34	1	0.04334
8	N30	1	0.04041
8	N27	1	0.03909
8	N26	1	0.03854
8	N13	1	0.03512
8	N12	1	0.0347
8	S26	1	0
8	S28	1	0
8	S27	1	0
8	N37	1	1.638e-13
8	N36	1	2.618e-11
8	S23	1	0
8	S22	1	0
8	N39	1	1.005e-08
8	S25	1	0
8	S8	1	0
8	S11	1	0
8	S12	1	0
8	S13	1	0
8	N47	1	8.203e-14
8	S7	1	0
8	N46	1	2.877e-19
8	N45	1	8.187e-14
8	N44	1	8.18e-14
8	S9	1	0
8	S10	1	0
8	N48	1	2.677e-16
8	N43	1	1.556e-13
8	S16	1	0
8	S15	1	0
8	S20	1	0
8	S17	1	0
8	S18	1	0
8	N54	1	8.205e-14
8	N53	1	4.108e-16
8	S19	1	0
8	S21	1	0
8	N55	1	1.641e-13
8	N52	1	2.469e-13
8	N51	1	7.755e-17
8	N50	1	1.857e-16
8	S14	1	0
8	N49	1	1.017e-13
8	N42	1	1.212e-08
8	N41	1	2.217e-06
8	S24	1	0
8	N40	1	1.724e-07
8	N38	1	5.097e-07
8	N35	1	0.001197
8	N11	1	0.00946
8	S6	1	0
8	S4	1	0
8	S3	1	0
8	S5	1	1
8	S2	1	0
8	S1	1	0
8	N60	1	0.001286
8	N59	1	0.005458
8	N58	1	0.002016
8	N57	1	0.001623
8	N56	1	0.00609
8	N10	1	0.01132
8	N9	1	0.1593
8	N2	1	0.7975
8	S61	1	0
8	N1	1	0.07146
9	S34	1	0
9	S30	1	0
9	S29	1	0
9	N6	1	0.000101
9	S32	1	0
9	S31	1	0
9	S33	1	0
9	N8	1	9.196e-08
9	N7	1	1.118e-07
9	N5	1	7.184e-05
9	N4	1	7.408e-05
9	S35	1	0
9	N3	1	0.000355
9	S36	1	0
9	S60	1	0
9	S57	1	0
9	S59	1	0
9	S56	1	0
9	S55	1	0
9	N19	1	5.415e-13
9	N18	1	7.158e-07
9	S58	1	0
9	N17	1	1.572e-05
9	N16	1	0.0002427
9	S54	1	0
9	N15	1	0.03577
9	S52	1	1
9	S51	1	1
9	N22	1	1
9	S53	1	1
9	S47	1	1
9	S49	1	1
9	S48	1	1
9	N25	1	1
9	N24	1	1
9	N23	1	1
9	N21	1	1
9	S50	1	1
9	N20	1	0.999
9	N14	1	0.5506
9	S46	1	1
9	S43	1	1
9	S45	1	1
9	S44	1	1
9	N29	1	1
9	N28	1	1
9	S41	1	1
9	S42	1	1
9	S39	1	1
9	N33	1	1
9	S40	1	1
9	N32	1	1
9	N31	1	1
9	S37	1	1
9	S38	1	1
9	N34	1	1
9	N30	1	1
9	N27	1	1
9	N26	1	0.9994
9	N13	1	0.5482
9	N12	1	0.2855
9	S26	1	0
9	S28	1	0
9	S27	1	0
9	N37	1	1.186e-13
9	N36	1	1.379e-11
9	S23	1	0
9	S22	1	0
9	N39	1	7.222e-09
9	S25	1	0
9	S8	1	0
9	S11	1	0
9	S12	1	0
9	S13	1	0
9	N47	1	5.939e-14
9	S7	1	0
9	N46	1	2.053e-19
9	N45	1	5.928e-14
9	N44	1	5.923e-14
9	S9	1	0
9	S10	1	0
9	N48	1	1.918e-16
9	N43	1	1.126e-13
9	S16	1	0
9	S15	1	0
9	S20	1	0
9	S17	1	0
9	S18	1	0
9	N54	1	5.941e-14
9	N53	1	2.942e-16
9	S19	1	0
9	S21	1	0
9	N55	1	1.188e-13
9	N52	1	1.788e-13
9	N51	1	5.614e-17
9	N50	1	1.331e-16
9	S14	1	0
9	N49	1	7.36e-14
9	N42	1	8.776e-09
9	N41	1	1.601e-06
9	S24	1	0
9	N40	1	7.766e-08
9	N38	1	2.045e-07
9	N35	1	0.0002731
9	N11	1	0.00181
9	S6	1	0
9	S4	1	0
9	S3	1	0
9	S5	1	0
9	S2	1	0
9	S1	1	0
9	N60	1	1.162e-05
9	N59	1	1.489e-05
9	N58	1	2.713e-05
9	N57	1	0.0001757
9	N56	1	0.0005659
9	N10	1	0.000912
9	N9	1	0.001319
9	N2	1	0.000355
9	S61	1	0
9	N1	1	0.06571
10	S34	1	0
10	S30	1	0
10	S29	1	0
10	N6	1	7.435e-05
10	S32	1	0
10	S31	1	0
10	S33	1	0
10	N8	1	6.741e-08
10	N7	1	8.209e-08
10	N5	1	5.376e-05
10	N4	1	5.806e-05
10	S35	1	0
10	N3	1	0.0002941
10	S36	1	0
10	S60	1	1
10	S57	1	1
10	S59	1	1
10	S56	1	1
10	S55	1	1
10	N19	1	1
10	N18	1	1
10	S58	1	1
10	N17	1	1
10	N16	1	1
10	S54	1	1
10	N15	1	1
10	S52	1	0.8867
10	S51	1	0.8983
10	N22	1	0.9372
10	S53	1	0.8349
10	S47	1	0.8941
10	S49	1	0.8984
10	S48	1	0.9044
10	N25	1	0.9061
10	N24	1	0.9173
10	N23	1	0.9278
10	N21	1	0.9549
10	S50	1	0.9273
10	N20	1	0.9697
10	N14	1	0.9999
10	S46	1	0.8667
10	S43	1	0.835
10	S45	1	0.7901
10	S44	1	0.788
10	N29	1	0.8003
10	N28	1	0.9041
10	S41	1	0.8474
10	S42	1	0.8391
10	S39	1	0.8236
10	N33	1	0.8469
10	S40	1	0.8474
10	N32	1	0.8474
10	N31	1	0.8501
10	S37	1	0.8297
10	S38	1	0.8264
10	N34	1	0.8443
10	N30	1	0.9003
10	N27	1	0.9253
10	N26	1	0.9358
10	N13	1	0.9997
10	N12	1	0.9996
10	S26	1	0
10	S28	1	0
10	S27	1	0
10	N37	1	8.716e-14
10	N36	1	1.246e-11
10	S23	1	0
10	S22	1	0
10	N39	1	5.331e-09
10	S25	1	0
10	S8	1	0
10	S11	1	0
10	S12	1	0
10	S13	1	0
10	N47	1	4.363e-14
10	S7	1	0
10	N46	1	1.491e-19
10	N45	1	4.355e-14
10	N44	1	4.351e-14
10	S9	1	0
10	S10	1	0
10	N48	1	1.397e-16
10	N43	1	8.272e-14
10	S16	1	0
10	S15	1	0
10	S20	1	0
10	S17	1	0
10	S18	1	0
10	N54	1	4.365e-14
10	N53	1	2.143e-16
10	S19	1	0
10	S21	1	0
10	N55	1	8.728e-14
10	N52	1	1.314e-13
10	N51	1	4.124e-17
10	N50	1	9.699e-17
10	S14	1	0
10	N49	1	5.405e-14
10	N42	1	6.447e-09
10	N41	1	1.179e-06
10	S24	1	0
10	N40	1	7.708e-08
10	N38	1	2.23e-07
10	N35	1	0.0004874
10	N11	1	0.004161
10	S6	1	0
10	S4	1	0
10	S3	1	0
10	S5	1	0
10	S2	1	0
10	S1	1	0
10	N60	1	8.59e-06
10	N59	1	1.122e-05
10	N58	1	2.191e-05
10	N57	1	0.0001833
10	N56	1	0.000991
10	N10	1	0.001883
10	N9	1	0.001472
10	N2	1	0.0002941
10	S61	1	0
10	N1	1	0.06026
11	S34	1	0
11	S30	1	1
11	S29	1	0
11	N6	1	0.08768
11	S32	1	0
11	S31	1	0
11	S33	1	0
11	N8	1	1.891e-07
11	N7	1	4.953e-07
11	N5	1	0.003273
11	N4	1	0.000929
11	S35	1	0
11	N3	1	0.0007777
11	S36	1	0
11	S60	1	0.02415
11	S57	1	0.02709
11	S59	1	0.02849
11	S56	1	0.02785
11	S55	1	0.0279
11	N19	1	0.02785
11	N18	1	0.02756
11	S58	1	0.02748
11	N17	1	0.02672
11	N16	1	0.02639
11	S54	1	0.02651
11	N15	1	0.02524
11	S52	1	0.03009
11	S51	1	0.02953
11	N22	1	0.02767
11	S53	1	0.03258
11	S47	1	0.02973
11	S49	1	0.02953
11	S48	1	0.02924
11	N25	1	0.02916
11	N24	1	0.02862
11	N23	1	0.02812
11	N21	1	0.02681
11	S50	1	0.02814
11	N20	1	0.0261
11	N14	1	0.02466
11	S46	1	0.02988
11	S43	1	0.03147
11	S45	1	0.03371
11	S44	1	0.03382
11	N29	1	0.0332
11	N28	1	0.02801
11	S41	1	0.03085
11	S42	1	0.03126
11	S39	1	0.03204
11	N33	1	0.03087
11	S40	1	0.03085
11	N32	1	0.03085
11	N31	1	0.03071
11	S37	1	0.03174
11	S38	1	0.0319
11	N34	1	0.031
11	N30	1	0.0282
11	N27	1	0.02695
11	N26	1	0.02642
11	N13	1	0.02322
11	N12	1	0.02284
11	S26	1	0
11	S28	1	0
11	S27	1	0
11	N37	1	1.077e-13
11	N36	1	1.117e-11
11	S23	1	0
11	S22	1	0
11	N39	1	6.543e-09
11	S25	1	0
11	S8	1	0
11	S11	1	0
11	S12	1	0
11	S13	1	0
11	N47	1	5.393e-14
11	S7	1	0
11	N46	1	1.861e-19
11	N45	1	5.383e-14
11	N44	1	5.378e-14
11	S9	1	0
11	S10	1	0
11	N48	1	1.739e-16
11	N43	1	1.022e-13
11	S16	1	0
11	S15	1	0
11	S20	1	0
11	S17	1	0
11	S18	1	0
11	N54	1	5.394e-14
11	N53	1	2.669e-16
11	S19	1	0
11	S21	1	0
11	N55	1	1.079e-13
11	N52	1	1.623e-13
11	N51	1	5.097e-17
11	N50	1	1.207e-16
11	S14	1	0
11	N49	1	6.682e-14
11	N42	1	7.968e-09
11	N41	1	1.452e-06
11	S24	1	0
11	N40	1	5.834e-08
11	N38	1	1.427e-07
11	N35	1	8.915e-05
11	N11	1	0.0002422
11	S6	1	0
11	S4	1	0
11	S3	1	0
11	S5	1	0
11	S2	1	0
11	S1	1	0
11	N60	1	1.05e-05
11	N59	1	1.333e-05
11	N58	1	2.342e-05
11	N57	1	0.0001276
11	N56	1	0.0001825
11	N10	1	0.0001494
11	N9	1	0.001005
11	N2	1	0.0007777
11	S61	1	0
11	N1	1	0.06287
12	S34	1	1
12	S30	1	1
12	S29	1	1
12	N6	1	1
12	S32	1	1
12	S31	1	1
12	S33	1	1
12	N8	1	1
12	N7	1	1
12	N5	1	1
12	N4	1	1
12	S35	1	1
12	N3	1	1
12	S36	1	0
12	S60	1	0.9123
12	S57	1	0.8992
12	S59	1	0.8927
12	S56	1	0.8957
12	S55	1	0.8955
12	N19	1	0.8957
12	N18	1	0.897
12	S58	1	0.8974
12	N17	1	0.9009
12	N16	1	0.9024
12	S54	1	0.9018
12	N15	1	0.9075
12	S52	1	0.8851
12	S51	1	0.8878
12	N22	1	0.8966
12	S53	1	0.8727
12	S47	1	0.8868
12	S49	1	0.8878
12	S48	1	0.8892
12	N25	1	0.8896
12	N24	1	0.8921
12	N23	1	0.8945
12	N21	1	0.9005
12	S50	1	0.8944
12	N20	1	0.9037
12	N14	1	0.9101
12	S46	1	0.8861
12	S43	1	0.8783
12	S45	1	0.8668
12	S44	1	0.8662
12	N29	1	0.8694
12	N28	1	0.895
12	S41	1	0.8814
12	S42	1	0.8793
12	S39	1	0.8754
12	N33	1	0.8812
12	S40	1	0.8814
12	N32	1	0.8814
12	N31	1	0.882
12	S37	1	0.8769
12	S38	1	0.8761
12	N34	1	0.8806
12	N30	1	0.8941
12	N27	1	0.8999
12	N26	1	0.9022
12	N13	1	0.9163
12	N12	1	0.9179
12	S26	1	1
12	S28	1	1
12	S27	1	1
12	N37	1	1
12	N36	1	1
12	S23	1	1
12	S22	1	1
12	N39	1	1
12	S25	1	1
12	S8	1	1
12	S11	1	1
12	S12	1	1
12	S13	1	1
12	N47	1	1
12	S7	1	1
12	N46	1	1
12	N45	1	1
12	N44	1	1
12	S9	1	1
12	S10	1	1
12	N48	1	1
12	N43	1	1
12	S16	1	1
12	S15	1	1
12	S20	1	1
12	S17	1	1
12	S18	1	1
12	N54	1	1
12	N53	1	1
12	S19	1	1
12	S21	1	1
12	N55	1	1
12	N52	1	1
12	N51	1	1
12	N50	1	1
12	S14	1	1
12	N49	1	1
12	N42	1	1
12	N41	1	1
12	S24	1	1
12	N40	1	1
12	N38	1	1
12	N35	1	1
12	N11	1	1
12	S6	1	1
12	S4	1	1
12	S3	1	1
12	S5	1	1
12	S2	1	1
12	S1	1	1
12	N60	1	1
12	N59	1	1
12	N58	1	1
12	N57	1	1
12	N56	1	1
12	N10	1	1
12	N9	1	0.999
12	N2	1	1
12	S61	1	1
12	N1	1	0.7225
13	S34	1	0
13	S30	1	0
13	S29	1	0
13	N6	1	0.0002198
13	S32	1	0
13	S31	1	0
13	S33	1	0
13	N8	1	1.732e-07
13	N7	1	3.333e-07
13	N5	1	0.001526
13	N4	1	0.005265
13	S35	1	0
13	N3	1	0.04487
13	S36	1	1
13	S60	1	0.4559
13	S57	1	0.4199
13	S59	1	0.4029
13	S56	1	0.4106
13	S55	1	0.41
13	N19	1	0.4106
13	N18	1	0.4141
13	S58	1	0.4152
13	N17	1	0.4244
13	N16	1	0.4284
13	S54	1	0.427
13	N15	1	0.4425
13	S52	1	0.3837
13	S51	1	0.3904
13	N22	1	0.4129
13	S53	1	0.3541
13	S47	1	0.388
13	S49	1	0.3904
13	S48	1	0.3939
13	N25	1	0.3949
13	N24	1	0.4014
13	N23	1	0.4074
13	N21	1	0.4232
13	S50	1	0.4072
13	N20	1	0.4319
13	N14	1	0.4496
13	S46	1	0.3862
13	S43	1	0.3672
13	S45	1	0.3408
13	S44	1	0.3395
13	N29	1	0.3467
13	N28	1	0.4087
13	S41	1	0.3746
13	S42	1	0.3697
13	S39	1	0.3605
13	N33	1	0.3743
13	S40	1	0.3746
13	N32	1	0.3746
13	N31	1	0.3762
13	S37	1	0.3641
13	S38	1	0.3622
13	N34	1	0.3728
13	N30	1	0.4064
13	N27	1	0.4216
13	N26	1	0.428
13	N13	1	0.4673
13	N12	1	0.4721
13	S26	1	1
13	S28	1	1
13	S27	1	1
13	N37	1	1
13	N36	1	1
13	S23	1	1
13	S22	1	1
13	N39	1	1
13	S25	1	1
13	S8	1	1
13	S11	1	1
13	S12	1	1
13	S13	1	1
13	N47	1	1
13	S7	1	1
13	N46	1	1
13	N45	1	1
13	N44	1	1
13	S9	1	1
13	S10	1	1
13	N48	1	1
13	N43	1	1
13	S16	1	1
13	S15	1	1
13	S20	1	1
13	S17	1	1
13	S18	1	1
13	N54	1	1
13	N53	1	1
13	S19	1	1
13	S21	1	1
13	N55	1	1
13	N52	1	1
13	N51	1	1
13	N50	1	1
13	S14	1	1
13	N49	1	1
13	N42	1	1
13	N41	1	1
13	S24	1	1
13	N40	1	1
13	N38	1	1
13	N35	1	0.997
13	N11	1	0.7615
13	S6	1	0
13	S4	1	0
13	S3	1	0
13	S5	1	1
13	S2	1	0
13	S1	1	0
13	N60	1	0.01036
13	N59	1	0.0446
13	N58	1	0.04228
13	N57	1	0.06969
13	N56	1	0.3541
13	N10	1	0.7093
13	N9	1	0.6909
13	N2	1	0.04487
13	S61	1	0.06912
13	N1	1	0.06887
14	S34	1	0
14	S30	1	0
14	S29	1	0
14	N6	1	4e-05
14	S32	1	0
14	S31	1	0
14	S33	1	0
14	N8	1	3.597e-08
14	N7	1	4.373e-08
14	N5	1	2.787e-05
14	N4	1	2.771e-05
14	S35	1	0
14	N3	1	0.0001322
14	S36	1	0
14	S60	1	0.01477
14	S57	1	0.01672
14	S59	1	0.01766
14	S56	1	0.01723
14	S55	1	0.01726
14	N19	1	0.01723
14	N18	1	0.01703
14	S58	1	0.01698
14	N17	1	0.01647
14	N16	1	0.01625
14	S54	1	0.01633
14	N15	1	0.01548
14	S52	1	0.01875
14	S51	1	0.01837
14	N22	1	0.0171
14	S53	1	0.02049
14	S47	1	0.01851
14	S49	1	0.01837
14	S48	1	0.01817
14	N25	1	0.01811
14	N24	1	0.01775
14	N23	1	0.01741
14	N21	1	0.01653
14	S50	1	0.01742
14	N20	1	0.01606
14	N14	1	0.0151
14	S46	1	0.01861
14	S43	1	0.01971
14	S45	1	0.02129
14	S44	1	0.02137
14	N29	1	0.02093
14	N28	1	0.01734
14	S41	1	0.01928
14	S42	1	0.01957
14	S39	1	0.02011
14	N33	1	0.0193
14	S40	1	0.01928
14	N32	1	0.01928
14	N31	1	0.01918
14	S37	1	0.0199
14	S38	1	0.02001
14	N34	1	0.01939
14	N30	1	0.01746
14	N27	1	0.01662
14	N26	1	0.01627
14	N13	1	0.01416
14	N12	1	0.01391
14	S26	1	0
14	S28	1	0
14	S27	1	0
14	N37	1	4.682e-14
14	N36	1	4.851e-12
14	S23	1	0
14	S22	1	0
14	N39	1	2.844e-09
14	S25	1	0
14	S8	1	0
14	S11	1	0
14	S12	1	0
14	S13	1	0
14	N47	1	2.344e-14
14	S7	1	0
14	N46	1	7.817e-20
14	N45	1	2.339e-14
14	N44	1	2.337e-14
14	S9	1	0
14	S10	1	0
14	N48	1	7.37e-17
14	N43	1	4.441e-14
14	S16	1	0
14	S15	1	0
14	S20	1	0
14	S17	1	0
14	S18	1	0
14	N54	1	2.344e-14
14	N53	1	1.13e-16
14	S19	1	0
14	S21	1	0
14	N55	1	4.688e-14
14	N52	1	7.056e-14
14	N51	1	2.215e-17
14	N50	1	5.12e-17
14	S14	1	0
14	N49	1	2.9e-14
14	N42	1	3.462e-09
14	N41	1	6.319e-07
14	S24	1	0
14	N40	1	2.479e-08
14	N38	1	6.127e-08
14	N35	1	3.844e-05
14	N11	1	0.0001059
14	S6	1	0
14	S4	1	0
14	S3	1	0
14	S5	1	0
14	S2	1	0
14	S1	1	0
14	N60	1	4.534e-06
14	N59	1	5.733e-06
14	N58	1	1.01e-05
14	N57	1	5.534e-05
14	N56	1	7.724e-05
14	N10	1	6.092e-05
14	N9	1	0.0003989
14	N2	1	0.0001322
14	S61	1	1
14	N1	1	0.1823
15	S34	1	0
15	S30	1	0
15	S29	1	1
15	N6	1	0.1074
15	S32	1	0
15	S31	1	0
15	S33	1	0
15	N8	1	2.15e-07
15	N7	1	5.885e-07
15	N5	1	0.004015
15	N4	1	0.001137
15	S35	1	0
15	N3	1	0.0009048
15	S36	1	0
15	S60	1	0.02447
15	S57	1	0.02742
15	S59	1	0.02883
15	S56	1	0.02819
15	S55	1	0.02824
15	N19	1	0.02819
15	N18	1	0.0279
15	S58	1	0.02781
15	N17	1	0.02705
15	N16	1	0.02672
15	S54	1	0.02684
15	N15	1	0.02556
15	S52	1	0.03044
15	S51	1	0.02988
15	N22	1	0.028
15	S53	1	0.03294
15	S47	1	0.03008
15	S49	1	0.02987
15	S48	1	0.02958
15	N25	1	0.0295
15	N24	1	0.02896
15	N23	1	0.02845
15	N21	1	0.02714
15	S50	1	0.02848
15	N20	1	0.02643
15	N14	1	0.02497
15	S46	1	0.03023
15	S43	1	0.03182
15	S45	1	0.03408
15	S44	1	0.03418
15	N29	1	0.03356
15	N28	1	0.02835
15	S41	1	0.0312
15	S42	1	0.03161
15	S39	1	0.0324
15	N33	1	0.03122
15	S40	1	0.0312
15	N32	1	0.0312
15	N31	1	0.03106
15	S37	1	0.03209
15	S38	1	0.03225
15	N34	1	0.03136
15	N30	1	0.02854
15	N27	1	0.02728
15	N26	1	0.02675
15	N13	1	0.02353
15	N12	1	0.02314
15	S26	1	0
15	S28	1	0
15	S27	1	0
15	N37	1	1.095e-13
15	N36	1	1.148e-11
15	S23	1	0
15	S22	1	0
15	N39	1	6.652e-09
15	S25	1	0
15	S8	1	0
15	S11	1	0
15	S12	1	0
15	S13	1	0
15	N47	1	5.481e-14
15	S7	1	0
15	N46	1	1.893e-19
15	N45	1	5.471e-14
15	N44	1	5.466e-14
15	S9	1	0
15	S10	1	0
15	N48	1	1.769e-16
15	N43	1	1.039e-13
15	S16	1	0
15	S15	1	0
15	S20	1	0
15	S17	1	0
15	S18	1	0
15	N54	1	5.483e-14
15	N53	1	2.714e-16
15	S19	1	0
15	S21	1	0
15	N55	1	1.096e-13
15	N52	1	1.65e-13
15	N51	1	5.181e-17
15	N50	1	1.228e-16
15	S14	1	0
15	N49	1	6.792e-14
15	N42	1	8.099e-09
15	N41	1	1.476e-06
15	S24	1	0
15	N40	1	6.053e-08
15	N38	1	1.493e-07
15	N35	1	0.0001062
15	N11	1	0.0003805
15	S6	1	0.01749
15	S4	1	0
15	S3	1	0
15	S5	1	0
15	S2	1	0
15	S1	1	0
15	N60	1	1.073e-05
15	N59	1	1.377e-05
15	N58	1	2.525e-05
15	N57	1	0.0001685
15	N56	1	0.0005982
15	N10	1	0.0003158
15	N9	1	0.001115
15	N2	1	0.0009048
15	S61	1	0.0678
15	N1	1	0.06548
16	S34	1	0
16	S30	1	0
16	S29	1	0
16	N6	1	8.19e-05
16	S32	1	0
16	S31	1	0
16	S33	1	0
16	N8	1	7.437e-08
16	N7	1	9.065e-08
16	N5	1	6.031e-05
16	N4	1	6.783e-05
16	S35	1	0
16	N3	1	0.0003552
16	S36	1	0
16	S60	1	0
16	S57	1	0
16	S59	1	0
16	S56	1	0
16	S55	1	0
16	N19	1	4.261e-13
16	N18	1	4.392e-07
16	S58	1	0
16	N17	1	4.139e-07
16	N16	1	4.957e-07
16	S54	1	0
16	N15	1	1.502e-06
16	S52	1	0
16	S51	1	0
16	N22	1	7.82e-06
16	S53	1	0
16	S47	1	0
16	S49	1	0
16	S48	1	0
16	N25	1	3.935e-08
16	N24	1	9.175e-07
16	N23	1	6.233e-06
16	N21	1	2.039e-06
16	S50	1	0
16	N20	1	3.748e-06
16	N14	1	2.081e-06
16	S46	1	0
16	S43	1	0
16	S45	1	0
16	S44	1	0
16	N29	1	4.998e-06
16	N28	1	3.975e-05
16	S41	1	0
16	S42	1	0
16	S39	1	0
16	N33	1	3.163e-08
16	S40	1	0
16	N32	1	2.133e-13
16	N31	1	1.237e-07
16	S37	1	0
16	S38	1	0
16	N34	1	4.853e-06
16	N30	1	1.873e-05
16	N27	1	4.142e-06
16	N26	1	1.105e-05
16	N13	1	6.442e-06
16	N12	1	1.433e-05
16	S26	1	0
16	S28	1	0
16	S27	1	0
16	N37	1	9.599e-14
16	N36	1	1.182e-11
16	S23	1	0
16	S22	1	0
16	N39	1	5.851e-09
16	S25	1	0
16	S8	1	0
16	S11	1	0
16	S12	1	0
16	S13	1	0
16	N47	1	4.806e-14
16	S7	1	0
16	N46	1	1.65e-19
16	N45	1	4.797e-14
16	N44	1	4.792e-14
16	S9	1	0
16	S10	1	0
16	N48	1	1.544e-16
16	N43	1	9.111e-14
16	S16	1	0
16	S15	1	0
16	S20	1	0
16	S17	1	0
16	S18	1	0
16	N54	1	4.807e-14
16	N53	1	2.369e-16
16	S19	1	0
16	S21	1	0
16	N55	1	9.613e-14
16	N52	1	1.447e-13
16	N51	1	4.542e-17
16	N50	1	1.072e-16
16	S14	1	0
16	N49	1	5.954e-14
16	N42	1	7.101e-09
16	N41	1	1.296e-06
16	S24	1	0
16	N40	1	6.86e-08
16	N38	1	1.862e-07
16	N35	1	0.0002963
16	N11	1	0.002095
16	S6	1	1
16	S4	1	0
16	S3	1	0
16	S5	1	0
16	S2	1	0
16	S1	1	0
16	N60	1	1.09e-05
16	N59	1	1.848e-05
16	N58	1	6.406e-05
16	N57	1	0.00132
16	N56	1	0.01419
16	N10	1	0.003149
16	N9	1	0.002076
16	N2	1	0.0003552
16	S61	1	0
16	N1	1	0.06141
