# Gain and Loss
branch	branchLength	distance2root	distance2NearestOTU	numOfNodes2NearestOTU	exp01	exp10
N2	0.4623	0.4623	0.01196	2	6.794	5.902
N3	2.677e-08	0.4623	0.01196	1	2.64e-06	6.664e-06
N4	0.003778	0.4661	0.00818	1	0.01494	0.08523
S34	0.00818	0.4742	0	0	0.2201	0.02233
N5	0.002834	0.4689	0.007351	2	0.02697	0.5885
N6	0.009603	0.4785	0.006031	1	1.166	0.3108
S30	0.006727	0.4852	0	0	0.9215	0.1865
S29	0.006031	0.4845	0	0	0.9009	0.1599
N7	0.006969	0.4759	0.0003819	1	0.008214	0.2538
S32	0.0003819	0.4762	0	0	1.511e-05	0.004555
N8	0.0001005	0.476	0.000588	1	0.007676	2.444e-05
S31	0.003635	0.4796	0	0	0.001348	0.01354
S33	0.000588	0.4766	0	0	0.9879	4.323e-05
S35	0.01923	0.4815	0	0	0.2569	0.1211
N9	0.01471	0.477	0.02209	1	1.661	1.311
S36	0.03741	0.5144	0	0	1.446	1.394
N10	0.008677	0.4857	0.01341	2	0.05044	0.5401
N11	0.001299	0.487	0.01211	2	0.05806	0.006418
N12	0.03021	0.5172	0.002339	1	2.489	0.4638
S60	0.002339	0.5195	0	0	0.01497	0.3149
N13	0.0006796	0.5179	0.006089	2	0.2669	0.008587
N14	0.002584	0.5204	0.003505	2	0.02257	0.03603
N15	0.001071	0.5215	0.002434	1	0.006772	0.528
N16	0.002208	0.5237	0.001369	1	0.01381	0.06236
S57	0.001369	0.5251	0	0	0.008522	0.01662
N17	0.0006431	0.5244	0.0015	1	0.003981	0.00792
N18	0.001673	0.526	0.000586	1	0.01045	0.01994
S59	0.001898	0.5279	0	0	0.01189	0.02237
N19	0.000586	0.5266	2.677e-08	1	0.003632	0.006901
S56	2.677e-08	0.5266	0	0	1.652e-07	3.138e-07
S55	0.0001033	0.5267	0	0	0.0006381	0.001211
S58	0.0015	0.5259	0	0	0.009353	0.01789
S54	0.002434	0.5239	0	0	0.01524	0.06534
N20	0.002722	0.5232	0.004046	1	0.4655	0.06344
N21	0.001381	0.5245	0.004966	2	0.009612	0.03142
N22	0.001699	0.5262	0.003899	1	0.01073	0.03805
S52	0.005112	0.5314	0	0	0.03318	0.1112
S51	0.003899	0.5301	0	0	0.02508	0.08514
N23	0.002615	0.5272	0.002351	1	0.01661	0.05837
S53	0.009915	0.5371	0	0	0.06676	0.2105
N24	0.001043	0.5282	0.001308	1	0.006586	0.0228
S47	0.002371	0.5306	0	0	0.01515	0.05097
N25	0.001133	0.5293	0.000175	1	0.007171	0.02446
S49	0.0007938	0.5301	0	0	0.005027	0.01696
S48	0.000175	0.5295	0	0	0.001103	0.003746
S50	0.004046	0.5272	0	0	0.02681	0.09119
N26	0.005924	0.5238	0.007112	1	0.4891	0.1377
S46	0.007112	0.5309	0	0	0.04737	0.1549
N27	0.001022	0.5248	0.00824	2	0.00704	0.02275
N28	0.002144	0.5269	0.007513	1	0.01377	0.04695
S43	0.007513	0.5345	0	0	0.04992	0.1584
N29	0.01165	0.5386	0.001269	1	0.07969	0.2426
S45	0.001269	0.5399	0	0	0.008274	0.02433
S44	0.001541	0.5401	0	0	0.01007	0.02952
N30	0.002528	0.5273	0.005712	2	0.01618	0.0553
N31	0.005403	0.5327	0.0003082	1	0.03539	0.1142
S41	0.0003086	0.533	0	0	0.001971	0.00627
N32	0.0003081	0.533	2.677e-08	1	0.001969	0.006261
N33	5.684e-05	0.5331	0.0008821	1	0.0003628	0.001152
S42	0.0008821	0.534	0	0	0.005665	0.01783
S39	0.00269	0.5358	0	0	0.01751	0.05408
S40	2.677e-08	0.533	0	0	1.707e-07	5.427e-07
N34	0.006063	0.5334	0.001681	1	0.03992	0.1278
S37	0.001681	0.5351	0	0	0.01087	0.03382
S38	0.002059	0.5355	0	0	0.01335	0.04137
N35	0.005546	0.4925	0.006563	2	0.2393	0.03241
N36	0.008935	0.5015	2.677e-08	1	0.01102	0.01225
S26	2.677e-08	0.5015	0	0	3.761e-12	1.559e-10
N37	0.0001729	0.5016	2.677e-08	1	3.1e-06	3.1e-06
S28	8.602e-05	0.5017	0	0	7.678e-07	7.678e-07
S27	2.677e-08	0.5016	0	0	8.746e-14	1.318e-12
N38	0.005374	0.4979	0.00119	2	0.005954	0.007184
N39	0.001111	0.499	7.868e-05	1	0.0001277	0.0001301
S23	0.0002772	0.4993	0	0	7.97e-06	8.045e-06
S22	7.868e-05	0.4991	0	0	6.433e-07	7.183e-07
N40	5.555e-05	0.4979	0.001304	1	5.905e-07	2.116e-06
N41	0.0008304	0.4988	0.001875	1	8.803e-05	7.234e-05
S25	0.003816	0.5026	0	0	0.001489	0.001506
N42	0.001773	0.5005	0.0001021	2	0.0003242	0.0003407
N43	0.0001604	0.5007	5.354e-08	2	2.67e-06	2.761e-06
N44	8.61e-05	0.5008	2.677e-08	1	7.692e-07	7.692e-07
S8	2.677e-08	0.5008	0	0	8.09e-14	6.951e-13
N45	8.617e-05	0.5009	5.354e-08	1	7.705e-07	7.705e-07
S11	8.617e-05	0.501	0	0	7.706e-07	7.706e-07
N46	2.677e-08	0.5009	2.677e-08	1	8.091e-14	6.956e-13
N47	2.677e-08	0.5009	8.623e-05	1	6.968e-13	8.092e-14
S12	8.628e-05	0.501	0	0	7.724e-07	7.724e-07
S13	8.623e-05	0.501	0	0	7.716e-07	7.716e-07
S7	2.677e-08	0.5009	0	0	7.435e-14	7.435e-14
N48	2.677e-08	0.5007	2.677e-08	1	8.677e-14	1.253e-12
S9	2.677e-08	0.5007	0	0	7.436e-14	7.635e-14
S10	8.609e-05	0.5008	0	0	7.691e-07	7.691e-07
N49	0.000102	0.5007	8.031e-08	1	1.08e-06	1.171e-06
N50	2.677e-08	0.5007	5.354e-08	1	8.232e-14	8.443e-13
S16	8.658e-05	0.5007	0	0	7.778e-07	7.778e-07
N51	2.677e-08	0.5007	2.677e-08	1	7.494e-14	7.574e-14
S15	2.677e-08	0.5007	0	0	7.432e-14	7.49e-14
N52	0.00026	0.5009	5.354e-08	2	7.009e-06	7.009e-06
N53	2.677e-08	0.5009	2.677e-08	1	9.435e-14	1.945e-12
S20	2.677e-08	0.5009	0	0	7.432e-14	7.739e-14
N54	8.629e-05	0.501	2.677e-08	1	7.726e-07	7.726e-07
S17	2.677e-08	0.501	0	0	8.092e-14	6.97e-13
S18	8.624e-05	0.5011	0	0	7.718e-07	7.718e-07
N55	8.613e-05	0.501	2.677e-08	1	7.698e-07	7.698e-07
S19	2.677e-08	0.501	0	0	8.751e-14	1.319e-12
S21	0.0001729	0.5012	0	0	3.101e-06	3.101e-06
S14	8.592e-05	0.5007	0	0	7.66e-07	7.66e-07
S24	0.001304	0.4992	0	0	0.0001757	0.0001766
N56	0.002738	0.4884	0.01851	1	0.01332	0.3717
S6	0.02092	0.5093	0	0	1.041	0.4077
N57	0.008261	0.4967	0.01025	1	0.008516	0.3181
S4	0.01025	0.5069	0	0	0.01029	0.085
N58	0.005631	0.5023	0.006172	1	0.006036	0.03533
S3	0.006172	0.5085	0	0	0.003818	0.04923
N59	0.001874	0.5042	0.005029	1	0.009688	0.001609
S5	0.01326	0.5174	0	0	2.972	0.01413
N60	0.001264	0.5054	0.003765	1	0.00026	0.04129
S2	0.006281	0.5117	0	0	0.003961	0.01643
S1	0.003765	0.5092	0	0	0.001442	0.01391
S61	0.4623	0.4623	0	0	6.837	5.689
