POS	Node	State	Prob
1	S35	1	0
1	S36	1	0
1	S29	1	0
1	S30	1	0
1	N6	1	2.874e-05
1	S32	1	0
1	S33	1	0
1	S31	1	0
1	N9	1	2.384e-08
1	N8	1	2.311e-08
1	S34	1	0
1	N7	1	8.032e-05
1	N5	1	0.0003288
1	S37	1	1
1	S61	1	1
1	S58	1	1
1	S59	1	1
1	S57	1	1
1	S56	1	1
1	N19	1	1
1	S60	1	1
1	N18	1	1
1	N17	1	1
1	N16	1	1
1	S55	1	1
1	N15	1	1
1	S54	1	1
1	S48	1	1
1	S49	1	1
1	S50	1	1
1	N24	1	1
1	N23	1	1
1	N22	1	1
1	S53	1	1
1	S52	1	1
1	N25	1	1
1	N21	1	1
1	S51	1	1
1	N20	1	1
1	N14	1	1
1	S47	1	1
1	S38	1	1
1	S39	1	1
1	N29	1	1
1	S42	1	1
1	S40	1	1
1	S43	1	1
1	N32	1	1
1	S41	1	1
1	N31	1	1
1	N30	1	1
1	N28	1	1
1	S44	1	1
1	S45	1	1
1	S46	1	1
1	N34	1	1
1	N33	1	1
1	N27	1	1
1	N26	1	1
1	N13	1	1
1	N12	1	1
1	S25	1	1
1	S26	1	1
1	S27	1	1
1	N38	1	1
1	N37	1	1
1	S23	1	1
1	S19	1	1
1	S17	1	1
1	S16	1	1
1	N48	1	1
1	N47	1	1
1	S18	1	1
1	S20	1	1
1	N49	1	1
1	N46	1	1
1	S14	1	1
1	N45	1	1
1	S15	1	1
1	N44	1	1
1	S13	1	1
1	N43	1	1
1	S10	1	1
1	S12	1	1
1	S11	1	1
1	N54	1	1
1	S6	1	1
1	N53	1	1
1	N52	1	1
1	S7	1	1
1	N51	1	1
1	S9	1	1
1	S8	1	1
1	N55	1	1
1	N50	1	1
1	N42	1	1
1	S24	1	1
1	N41	1	1
1	N40	1	1
1	S22	1	1
1	S21	1	1
1	N56	1	1
1	N39	1	1
1	N36	1	1
1	S28	1	1
1	S4	1	1
1	S3	1	1
1	S2	1	1
1	S5	1	1
1	N61	1	1
1	S1	1	1
1	N60	1	1
1	N59	1	1
1	N58	1	1
1	N57	1	1
1	N35	1	1
1	N11	1	0.9998
1	N10	1	0.9882
1	N4	1	0.007864
1	N3	1	0.00236
1	N2	1	5.695e-09
1	S62	1	1
1	N1	1	0.2402
2	S35	1	0
2	S36	1	0
2	S29	1	0
2	S30	1	0
2	N6	1	6.039e-05
2	S32	1	0
2	S33	1	0
2	S31	1	0
2	N9	1	1.051e-07
2	N8	1	7.608e-08
2	S34	1	0
2	N7	1	2.8e-05
2	N5	1	2.13e-05
2	S37	1	0
2	S61	1	0
2	S58	1	0
2	S59	1	0
2	S57	1	0
2	S56	1	0
2	N19	1	2.417e-13
2	S60	1	0
2	N18	1	2.608e-07
2	N17	1	2.439e-07
2	N16	1	2.923e-07
2	S55	1	0
2	N15	1	8.712e-07
2	S54	1	0
2	S48	1	0
2	S49	1	0
2	S50	1	0
2	N24	1	2.324e-08
2	N23	1	5.243e-07
2	N22	1	3.897e-06
2	S53	1	0
2	S52	1	0
2	N25	1	4.879e-06
2	N21	1	1.14e-06
2	S51	1	0
2	N20	1	2.255e-06
2	N14	1	1.196e-06
2	S47	1	0
2	S38	1	0
2	S39	1	0
2	N29	1	2.943e-06
2	S42	1	0
2	S40	1	0
2	S43	1	0
2	N32	1	1.967e-08
2	S41	1	0
2	N31	1	1.122e-13
2	N30	1	7.325e-08
2	N28	1	1.165e-05
2	S44	1	0
2	S45	1	0
2	S46	1	0
2	N34	1	3.113e-06
2	N33	1	2.532e-05
2	N27	1	2.004e-06
2	N26	1	6.595e-06
2	N13	1	2.242e-06
2	N12	1	3.211e-06
2	S25	1	0
2	S26	1	0
2	S27	1	0
2	N38	1	6.612e-15
2	N37	1	6.07e-12
2	S23	1	0
2	S19	1	0
2	S17	1	0
2	S16	1	0
2	N48	1	2.927e-14
2	N47	1	1.063e-16
2	S18	1	0
2	S20	1	0
2	N49	1	5.852e-14
2	N46	1	8.797e-14
2	S14	1	0
2	N45	1	2.657e-17
2	S15	1	0
2	N44	1	4.83e-17
2	S13	1	0
2	N43	1	3.542e-14
2	S10	1	0
2	S12	1	0
2	S11	1	0
2	N54	1	2.919e-14
2	S6	1	0
2	N53	1	5.831e-20
2	N52	1	2.911e-14
2	S7	1	0
2	N51	1	2.91e-14
2	S9	1	0
2	S8	1	0
2	N55	1	6.958e-17
2	N50	1	5.51e-14
2	N42	1	4.446e-09
2	S24	1	0
2	N41	1	8.411e-07
2	N40	1	3.581e-08
2	S22	1	0
2	S21	1	0
2	N56	1	3.479e-09
2	N39	1	1.258e-07
2	N36	1	4.06e-05
2	S28	1	0
2	S4	1	0
2	S3	1	0
2	S2	1	0
2	S5	1	1
2	N61	1	0.00446
2	S1	1	0
2	N60	1	0.0003313
2	N59	1	6.901e-05
2	N58	1	8.661e-05
2	N57	1	0.0001034
2	N35	1	2.993e-05
2	N11	1	0.0001154
2	N10	1	0.0003972
2	N4	1	7.178e-05
2	N3	1	0.0002185
2	N2	1	4.896e-09
2	S62	1	0
2	N1	1	0.09679
3	S35	1	0
3	S36	1	0
3	S29	1	0
3	S30	1	0
3	N6	1	3.45e-05
3	S32	1	0
3	S33	1	0
3	S31	1	0
3	N9	1	5.938e-08
3	N8	1	4.304e-08
3	S34	1	0
3	N7	1	1.687e-05
3	N5	1	1.573e-05
3	S37	1	0
3	S61	1	1
3	S58	1	1
3	S59	1	1
3	S57	1	1
3	S56	1	1
3	N19	1	1
3	S60	1	1
3	N18	1	1
3	N17	1	1
3	N16	1	1
3	S55	1	1
3	N15	1	1
3	S54	1	1
3	S48	1	1
3	S49	1	1
3	S50	1	1
3	N24	1	1
3	N23	1	1
3	N22	1	1
3	S53	1	1
3	S52	1	1
3	N25	1	1
3	N21	1	1
3	S51	1	1
3	N20	1	1
3	N14	1	1
3	S47	1	1
3	S38	1	1
3	S39	1	1
3	N29	1	1
3	S42	1	1
3	S40	1	1
3	S43	1	1
3	N32	1	1
3	S41	1	1
3	N31	1	1
3	N30	1	1
3	N28	1	1
3	S44	1	1
3	S45	1	1
3	S46	1	1
3	N34	1	1
3	N33	1	1
3	N27	1	1
3	N26	1	1
3	N13	1	1
3	N12	1	1
3	S25	1	0
3	S26	1	0
3	S27	1	0
3	N38	1	3.921e-15
3	N37	1	3.71e-12
3	S23	1	0
3	S19	1	0
3	S17	1	0
3	S16	1	0
3	N48	1	1.655e-14
3	N47	1	5.829e-17
3	S18	1	0
3	S20	1	0
3	N49	1	3.309e-14
3	N46	1	4.974e-14
3	S14	1	0
3	N45	1	1.502e-17
3	S15	1	0
3	N44	1	2.657e-17
3	S13	1	0
3	N43	1	2e-14
3	S10	1	0
3	S12	1	0
3	S11	1	0
3	N54	1	1.65e-14
3	S6	1	0
3	N53	1	3.168e-20
3	N52	1	1.646e-14
3	S7	1	0
3	N51	1	1.646e-14
3	S9	1	0
3	S8	1	0
3	N55	1	3.822e-17
3	N50	1	3.114e-14
3	N42	1	2.513e-09
3	S24	1	0
3	N41	1	4.762e-07
3	N40	1	2.166e-08
3	S22	1	0
3	S21	1	0
3	N56	1	1.971e-09
3	N39	1	8.579e-08
3	N36	1	7.09e-05
3	S28	1	0
3	S4	1	0
3	S3	1	0
3	S2	1	0
3	S5	1	0
3	N61	1	9.629e-06
3	S1	1	0
3	N60	1	2.118e-06
3	N59	1	1.045e-05
3	N58	1	5.846e-05
3	N57	1	0.0002396
3	N35	1	0.0005697
3	N11	1	0.005281
3	N10	1	0.002328
3	N4	1	9.1e-05
3	N3	1	0.0001455
3	N2	1	3.024e-09
3	S62	1	0
3	N1	1	0.08425
4	S35	1	0.02566
4	S36	1	0.03127
4	S29	1	0.02106
4	S30	1	0.02281
4	N6	1	0.01497
4	S32	1	0
4	S33	1	1
4	S31	1	0
4	N9	1	0.02253
4	N8	1	0.003461
4	S34	1	0.01527
4	N7	1	0.005143
4	N5	1	0.005355
4	S37	1	0.0411
4	S61	1	0.03193
4	S58	1	0.03543
4	S59	1	0.03603
4	S57	1	0.03659
4	S56	1	0.03666
4	N19	1	0.03659
4	S60	1	0.03754
4	N18	1	0.03615
4	N17	1	0.0349
4	N16	1	0.03441
4	S55	1	0.03456
4	N15	1	0.03268
4	S54	1	0.04391
4	S48	1	0.03945
4	S49	1	0.03871
4	S50	1	0.03914
4	N24	1	0.03858
4	N23	1	0.03776
4	N22	1	0.03698
4	S53	1	0.04003
4	S52	1	0.03917
4	N25	1	0.03634
4	N21	1	0.03504
4	S51	1	0.03706
4	N20	1	0.03399
4	N14	1	0.03184
4	S47	1	0.0397
4	S38	1	0.04256
4	S39	1	0.04284
4	N29	1	0.04145
4	S42	1	0.04118
4	S40	1	0.04303
4	S43	1	0.04182
4	N32	1	0.04123
4	S41	1	0.04119
4	N31	1	0.04119
4	N30	1	0.04097
4	N28	1	0.03715
4	S44	1	0.0422
4	S45	1	0.04581
4	S46	1	0.04571
4	N34	1	0.04488
4	N33	1	0.03683
4	N27	1	0.03524
4	N26	1	0.03445
4	N13	1	0.0297
4	N12	1	0.0296
4	S25	1	0
4	S26	1	0
4	S27	1	0
4	N38	1	7.906e-15
4	N37	1	7.205e-12
4	S23	1	0
4	S19	1	0
4	S17	1	0
4	S16	1	0
4	N48	1	3.428e-14
4	N47	1	1.252e-16
4	S18	1	0
4	S20	1	0
4	N49	1	6.853e-14
4	N46	1	1.03e-13
4	S14	1	0
4	N45	1	3.112e-17
4	S15	1	0
4	N44	1	5.689e-17
4	S13	1	0
4	N43	1	4.149e-14
4	S10	1	0
4	S12	1	0
4	S11	1	0
4	N54	1	3.418e-14
4	S6	1	0
4	N53	1	6.887e-20
4	N52	1	3.409e-14
4	S7	1	0
4	N51	1	3.408e-14
4	S9	1	0
4	S8	1	0
4	N55	1	8.199e-17
4	N50	1	6.453e-14
4	N42	1	5.208e-09
4	S24	1	0
4	N41	1	9.848e-07
4	N40	1	4.269e-08
4	S22	1	0
4	S21	1	0
4	N56	1	4.076e-09
4	N39	1	1.528e-07
4	N36	1	6.384e-05
4	S28	1	0
4	S4	1	0
4	S3	1	0
4	S2	1	0
4	S5	1	0
4	N61	1	1.991e-05
4	S1	1	0
4	N60	1	4.441e-06
4	N59	1	2.096e-05
4	N58	1	9.752e-05
4	N57	1	0.0001813
4	N35	1	0.0002097
4	N11	1	0.001423
4	N10	1	0.003468
4	N4	1	0.005483
4	N3	1	0.01049
4	N2	1	0.02566
4	S62	1	0
4	N1	1	0.1014
5	S35	1	1
5	S36	1	1
5	S29	1	1
5	S30	1	1
5	N6	1	1
5	S32	1	0
5	S33	1	0
5	S31	1	0
5	N9	1	4.914e-06
5	N8	1	7.391e-05
5	S34	1	1
5	N7	1	0.9962
5	N5	1	0.9998
5	S37	1	1
5	S61	1	0.2517
5	S58	1	0.2457
5	S59	1	0.2447
5	S57	1	0.2437
5	S56	1	0.2436
5	N19	1	0.2437
5	S60	1	0.2421
5	N18	1	0.2445
5	N17	1	0.2466
5	N16	1	0.2475
5	S55	1	0.2472
5	N15	1	0.2504
5	S54	1	0.2312
5	S48	1	0.2389
5	S49	1	0.2401
5	S50	1	0.2394
5	N24	1	0.2403
5	N23	1	0.2417
5	N22	1	0.2431
5	S53	1	0.2379
5	S52	1	0.2393
5	N25	1	0.2442
5	N21	1	0.2464
5	S51	1	0.2429
5	N20	1	0.2482
5	N14	1	0.2518
5	S47	1	0.2384
5	S38	1	0.2335
5	S39	1	0.2331
5	N29	1	0.2354
5	S42	1	0.2359
5	S40	1	0.2328
5	S43	1	0.2348
5	N32	1	0.2358
5	S41	1	0.2359
5	N31	1	0.2359
5	N30	1	0.2363
5	N28	1	0.2428
5	S44	1	0.2342
5	S45	1	0.228
5	S46	1	0.2282
5	N34	1	0.2296
5	N33	1	0.2433
5	N27	1	0.246
5	N26	1	0.2474
5	N13	1	0.2555
5	N12	1	0.2557
5	S25	1	0
5	S26	1	0
5	S27	1	0
5	N38	1	2.523e-14
5	N37	1	2.305e-11
5	S23	1	0
5	S19	1	0
5	S17	1	0
5	S16	1	0
5	N48	1	3.66e-14
5	N47	1	1.336e-16
5	S18	1	0
5	S20	1	0
5	N49	1	7.317e-14
5	N46	1	1.1e-13
5	S14	1	0
5	N45	1	3.323e-17
5	S15	1	0
5	N44	1	6.071e-17
5	S13	1	0
5	N43	1	4.43e-14
5	S10	1	0
5	S12	1	0
5	S11	1	0
5	N54	1	3.65e-14
5	S6	1	0
5	N53	1	7.346e-20
5	N52	1	3.64e-14
5	S7	1	0
5	N51	1	3.639e-14
5	S9	1	0
5	S8	1	0
5	N55	1	8.749e-17
5	N50	1	6.89e-14
5	N42	1	5.561e-09
5	S24	1	0
5	N41	1	1.06e-06
5	N40	1	1.407e-07
5	S22	1	0
5	S21	1	0
5	N56	1	4.577e-09
5	N39	1	1.001e-06
5	N36	1	0.002747
5	S28	1	0
5	S4	1	0
5	S3	1	0
5	S2	1	0
5	S5	1	0
5	N61	1	2.16e-05
5	S1	1	0
5	N60	1	5.616e-06
5	N59	1	4.712e-05
5	N58	1	0.000865
5	N57	1	0.01036
5	N35	1	0.03147
5	N11	1	0.3038
5	N10	1	0.9021
5	N4	1	0.9996
5	N3	1	0.9999
5	N2	1	1
5	S62	1	0
5	N1	1	0.1476
6	S35	1	0.4823
6	S36	1	0.4609
6	S29	1	0.6021
6	S30	1	0.5933
6	N6	1	0.6325
6	S32	1	1
6	S33	1	0.995
6	S31	1	1
6	N9	1	1
6	N8	1	1
6	S34	1	0.6897
6	N7	1	0.746
6	N5	1	0.6806
6	S37	1	0.1816
6	S61	1	0.08302
6	S58	1	0.08435
6	S59	1	0.08457
6	S57	1	0.08478
6	S56	1	0.08481
6	N19	1	0.08478
6	S60	1	0.08515
6	N18	1	0.08462
6	N17	1	0.08415
6	N16	1	0.08396
6	S55	1	0.08402
6	N15	1	0.0833
6	S54	1	0.08756
6	S48	1	0.08587
6	S49	1	0.08559
6	S50	1	0.08575
6	N24	1	0.08554
6	N23	1	0.08523
6	N22	1	0.08493
6	S53	1	0.08609
6	S52	1	0.08576
6	N25	1	0.08469
6	N21	1	0.0842
6	S51	1	0.08496
6	N20	1	0.0838
6	N14	1	0.08299
6	S47	1	0.08596
6	S38	1	0.08705
6	S39	1	0.08716
6	N29	1	0.08663
6	S42	1	0.08652
6	S40	1	0.08723
6	S43	1	0.08677
6	N32	1	0.08654
6	S41	1	0.08653
6	N31	1	0.08653
6	N30	1	0.08645
6	N28	1	0.085
6	S44	1	0.08691
6	S45	1	0.08828
6	S46	1	0.08825
6	N34	1	0.08793
6	N33	1	0.08488
6	N27	1	0.08427
6	N26	1	0.08398
6	N13	1	0.08218
6	N12	1	0.08214
6	S25	1	0
6	S26	1	0
6	S27	1	0
6	N38	1	1.093e-14
6	N37	1	1e-11
6	S23	1	0
6	S19	1	0
6	S17	1	0
6	S16	1	0
6	N48	1	3.237e-14
6	N47	1	1.179e-16
6	S18	1	0
6	S20	1	0
6	N49	1	6.472e-14
6	N46	1	9.73e-14
6	S14	1	0
6	N45	1	2.939e-17
6	S15	1	0
6	N44	1	5.358e-17
6	S13	1	0
6	N43	1	3.918e-14
6	S10	1	0
6	S12	1	0
6	S11	1	0
6	N54	1	3.228e-14
6	S6	1	0
6	N53	1	6.478e-20
6	N52	1	3.22e-14
6	S7	1	0
6	N51	1	3.219e-14
6	S9	1	0
6	S8	1	0
6	N55	1	7.721e-17
6	N50	1	6.094e-14
6	N42	1	4.918e-09
6	S24	1	0
6	N41	1	9.321e-07
6	N40	1	6.002e-08
6	S22	1	0
6	S21	1	0
6	N56	1	3.896e-09
6	N39	1	3.187e-07
6	N36	1	0.0006223
6	S28	1	0
6	S4	1	0
6	S3	1	0
6	S2	1	0
6	S5	1	0
6	N61	1	1.888e-05
6	S1	1	0
6	N60	1	4.37e-06
6	N59	1	2.493e-05
6	N58	1	0.0002508
6	N57	1	0.002308
6	N35	1	0.006875
6	N11	1	0.07153
6	N10	1	0.2128
6	N4	1	0.5639
6	N3	1	0.5437
6	N2	1	0.4823
6	S62	1	0
6	N1	1	0.1334
7	S35	1	0
7	S36	1	0
7	S29	1	0
7	S30	1	0
7	N6	1	3.45e-05
7	S32	1	0
7	S33	1	0
7	S31	1	0
7	N9	1	5.938e-08
7	N8	1	4.304e-08
7	S34	1	0
7	N7	1	1.687e-05
7	N5	1	1.573e-05
7	S37	1	0
7	S61	1	1
7	S58	1	1
7	S59	1	1
7	S57	1	1
7	S56	1	1
7	N19	1	1
7	S60	1	1
7	N18	1	1
7	N17	1	1
7	N16	1	1
7	S55	1	1
7	N15	1	1
7	S54	1	1
7	S48	1	1
7	S49	1	1
7	S50	1	1
7	N24	1	1
7	N23	1	1
7	N22	1	1
7	S53	1	1
7	S52	1	1
7	N25	1	1
7	N21	1	1
7	S51	1	1
7	N20	1	1
7	N14	1	1
7	S47	1	1
7	S38	1	1
7	S39	1	1
7	N29	1	1
7	S42	1	1
7	S40	1	1
7	S43	1	1
7	N32	1	1
7	S41	1	1
7	N31	1	1
7	N30	1	1
7	N28	1	1
7	S44	1	1
7	S45	1	1
7	S46	1	1
7	N34	1	1
7	N33	1	1
7	N27	1	1
7	N26	1	1
7	N13	1	1
7	N12	1	1
7	S25	1	0
7	S26	1	0
7	S27	1	0
7	N38	1	3.921e-15
7	N37	1	3.71e-12
7	S23	1	0
7	S19	1	0
7	S17	1	0
7	S16	1	0
7	N48	1	1.655e-14
7	N47	1	5.829e-17
7	S18	1	0
7	S20	1	0
7	N49	1	3.309e-14
7	N46	1	4.974e-14
7	S14	1	0
7	N45	1	1.502e-17
7	S15	1	0
7	N44	1	2.657e-17
7	S13	1	0
7	N43	1	2e-14
7	S10	1	0
7	S12	1	0
7	S11	1	0
7	N54	1	1.65e-14
7	S6	1	0
7	N53	1	3.168e-20
7	N52	1	1.646e-14
7	S7	1	0
7	N51	1	1.646e-14
7	S9	1	0
7	S8	1	0
7	N55	1	3.822e-17
7	N50	1	3.114e-14
7	N42	1	2.513e-09
7	S24	1	0
7	N41	1	4.762e-07
7	N40	1	2.166e-08
7	S22	1	0
7	S21	1	0
7	N56	1	1.971e-09
7	N39	1	8.579e-08
7	N36	1	7.09e-05
7	S28	1	0
7	S4	1	0
7	S3	1	0
7	S2	1	0
7	S5	1	0
7	N61	1	9.629e-06
7	S1	1	0
7	N60	1	2.118e-06
7	N59	1	1.045e-05
7	N58	1	5.846e-05
7	N57	1	0.0002396
7	N35	1	0.0005697
7	N11	1	0.005281
7	N10	1	0.002328
7	N4	1	9.1e-05
7	N3	1	0.0001455
7	N2	1	3.024e-09
7	S62	1	0
7	N1	1	0.08425
8	S35	1	0
8	S36	1	0
8	S29	1	0
8	S30	1	0
8	N6	1	3.075e-05
8	S32	1	0
8	S33	1	0
8	S31	1	0
8	N9	1	5.329e-08
8	N8	1	3.854e-08
8	S34	1	0
8	N7	1	1.419e-05
8	N5	1	1.079e-05
8	S37	1	0
8	S61	1	0.01939
8	S58	1	0.02172
8	S59	1	0.02212
8	S57	1	0.02249
8	S56	1	0.02254
8	N19	1	0.02249
8	S60	1	0.02314
8	N18	1	0.0222
8	N17	1	0.02137
8	N16	1	0.02104
8	S55	1	0.02114
8	N15	1	0.01989
8	S54	1	0.02749
8	S48	1	0.02443
8	S49	1	0.02392
8	S50	1	0.02422
8	N24	1	0.02384
8	N23	1	0.02328
8	N22	1	0.02276
8	S53	1	0.02483
8	S52	1	0.02424
8	N25	1	0.02233
8	N21	1	0.02146
8	S51	1	0.02281
8	N20	1	0.02076
8	N14	1	0.01934
8	S47	1	0.0246
8	S38	1	0.02656
8	S39	1	0.02675
8	N29	1	0.02579
8	S42	1	0.02561
8	S40	1	0.02688
8	S43	1	0.02605
8	N32	1	0.02564
8	S41	1	0.02561
8	N31	1	0.02561
8	N30	1	0.02547
8	N28	1	0.02287
8	S44	1	0.02631
8	S45	1	0.02882
8	S46	1	0.02875
8	N34	1	0.02816
8	N33	1	0.02266
8	N27	1	0.02159
8	N26	1	0.02107
8	N13	1	0.01793
8	N12	1	0.01786
8	S25	1	0
8	S26	1	0
8	S27	1	0
8	N38	1	3.272e-15
8	N37	1	3.091e-12
8	S23	1	0
8	S19	1	0
8	S17	1	0
8	S16	1	0
8	N48	1	1.485e-14
8	N47	1	5.251e-17
8	S18	1	0
8	S20	1	0
8	N49	1	2.97e-14
8	N46	1	4.464e-14
8	S14	1	0
8	N45	1	1.348e-17
8	S15	1	0
8	N44	1	2.393e-17
8	S13	1	0
8	N43	1	1.796e-14
8	S10	1	0
8	S12	1	0
8	S11	1	0
8	N54	1	1.481e-14
8	S6	1	0
8	N53	1	2.859e-20
8	N52	1	1.477e-14
8	S7	1	0
8	N51	1	1.477e-14
8	S9	1	0
8	S8	1	0
8	N55	1	3.443e-17
8	N50	1	2.795e-14
8	N42	1	2.256e-09
8	S24	1	0
8	N41	1	4.272e-07
8	N40	1	1.799e-08
8	S22	1	0
8	S21	1	0
8	N56	1	1.766e-09
8	N39	1	6.405e-08
8	N36	1	2.228e-05
8	S28	1	0
8	S4	1	0
8	S3	1	0
8	S2	1	0
8	S5	1	0
8	N61	1	8.636e-06
8	S1	1	0
8	N60	1	1.891e-06
8	N59	1	8.996e-06
8	N58	1	4.067e-05
8	N57	1	5.83e-05
8	N35	1	3.299e-05
8	N11	1	0.0002023
8	N10	1	0.0002667
8	N4	1	3.768e-05
8	N3	1	0.0001119
8	N2	1	2.812e-09
8	S62	1	1
8	N1	1	0.2355
9	S35	1	0
9	S36	1	1
9	S29	1	1
9	S30	1	1
9	N6	1	0.9991
9	S32	1	0
9	S33	1	0
9	S31	1	0
9	N9	1	2.091e-06
9	N8	1	2.617e-05
9	S34	1	0
9	N7	1	0.2639
9	N5	1	0.9235
9	S37	1	0
9	S61	1	0.6663
9	S58	1	0.6319
9	S59	1	0.6261
9	S57	1	0.6206
9	S56	1	0.6199
9	N19	1	0.6206
9	S60	1	0.6113
9	N18	1	0.6248
9	N17	1	0.6371
9	N16	1	0.6419
9	S55	1	0.6404
9	N15	1	0.6589
9	S54	1	0.5502
9	S48	1	0.5929
9	S49	1	0.6001
9	S50	1	0.5958
9	N24	1	0.6013
9	N23	1	0.6092
9	N22	1	0.6168
9	S53	1	0.5873
9	S52	1	0.5955
9	N25	1	0.6231
9	N21	1	0.6357
9	S51	1	0.616
9	N20	1	0.646
9	N14	1	0.6671
9	S47	1	0.5904
9	S38	1	0.563
9	S39	1	0.5604
9	N29	1	0.5737
9	S42	1	0.5763
9	S40	1	0.5586
9	S43	1	0.5701
9	N32	1	0.5758
9	S41	1	0.5762
9	N31	1	0.5762
9	N30	1	0.5782
9	N28	1	0.6152
9	S44	1	0.5664
9	S45	1	0.5322
9	S46	1	0.5331
9	N34	1	0.541
9	N33	1	0.6182
9	N27	1	0.6338
9	N26	1	0.6415
9	N13	1	0.6883
9	N12	1	0.6893
9	S25	1	1
9	S26	1	1
9	S27	1	1
9	N38	1	1
9	N37	1	1
9	S23	1	1
9	S19	1	1
9	S17	1	1
9	S16	1	1
9	N48	1	1
9	N47	1	1
9	S18	1	1
9	S20	1	1
9	N49	1	1
9	N46	1	1
9	S14	1	1
9	N45	1	1
9	S15	1	1
9	N44	1	1
9	S13	1	1
9	N43	1	1
9	S10	1	1
9	S12	1	1
9	S11	1	1
9	N54	1	1
9	S6	1	1
9	N53	1	1
9	N52	1	1
9	S7	1	1
9	N51	1	1
9	S9	1	1
9	S8	1	1
9	N55	1	1
9	N50	1	1
9	N42	1	1
9	S24	1	1
9	N41	1	1
9	N40	1	1
9	S22	1	1
9	S21	1	1
9	N56	1	1
9	N39	1	1
9	N36	1	0.9998
9	S28	1	1
9	S4	1	0
9	S3	1	0
9	S2	1	0
9	S5	1	1
9	N61	1	0.01393
9	S1	1	0
9	N60	1	0.007813
9	N59	1	0.00974
9	N58	1	0.08223
9	N57	1	0.9726
9	N35	1	0.9896
9	N11	1	0.9772
9	N10	1	0.9531
9	N4	1	0.9425
9	N3	1	0.9314
9	N2	1	1.417e-06
9	S62	1	0.1164
9	N1	1	0.116
10	S35	1	0
10	S36	1	0
10	S29	1	0
10	S30	1	0
10	N6	1	5.995e-05
10	S32	1	0
10	S33	1	0
10	S31	1	0
10	N9	1	1.043e-07
10	N8	1	7.549e-08
10	S34	1	0
10	N7	1	2.796e-05
10	N5	1	2.176e-05
10	S37	1	0
10	S61	1	0
10	S58	1	0
10	S59	1	0
10	S57	1	0
10	S56	1	0
10	N19	1	2.397e-13
10	S60	1	0
10	N18	1	2.587e-07
10	N17	1	2.419e-07
10	N16	1	2.899e-07
10	S55	1	0
10	N15	1	8.643e-07
10	S54	1	0
10	S48	1	0
10	S49	1	0
10	S50	1	0
10	N24	1	2.306e-08
10	N23	1	5.201e-07
10	N22	1	3.866e-06
10	S53	1	0
10	S52	1	0
10	N25	1	4.84e-06
10	N21	1	1.13e-06
10	S51	1	0
10	N20	1	2.237e-06
10	N14	1	1.188e-06
10	S47	1	0
10	S38	1	0
10	S39	1	0
10	N29	1	2.92e-06
10	S42	1	0
10	S40	1	0
10	S43	1	0
10	N32	1	1.951e-08
10	S41	1	0
10	N31	1	1.113e-13
10	N30	1	7.266e-08
10	N28	1	1.156e-05
10	S44	1	0
10	S45	1	0
10	S46	1	0
10	N34	1	3.088e-06
10	N33	1	2.512e-05
10	N27	1	1.987e-06
10	N26	1	6.544e-06
10	N13	1	2.344e-06
10	N12	1	3.38e-06
10	S25	1	0
10	S26	1	0
10	S27	1	0
10	N38	1	7.198e-15
10	N37	1	6.6e-12
10	S23	1	0
10	S19	1	0
10	S17	1	0
10	S16	1	0
10	N48	1	2.903e-14
10	N47	1	1.054e-16
10	S18	1	0
10	S20	1	0
10	N49	1	5.805e-14
10	N46	1	8.726e-14
10	S14	1	0
10	N45	1	2.636e-17
10	S15	1	0
10	N44	1	4.79e-17
10	S13	1	0
10	N43	1	3.513e-14
10	S10	1	0
10	S12	1	0
10	S11	1	0
10	N54	1	2.895e-14
10	S6	1	0
10	N53	1	5.782e-20
10	N52	1	2.888e-14
10	S7	1	0
10	N51	1	2.887e-14
10	S9	1	0
10	S8	1	0
10	N55	1	6.9e-17
10	N50	1	5.466e-14
10	N42	1	4.411e-09
10	S24	1	0
10	N41	1	8.347e-07
10	N40	1	3.915e-08
10	S22	1	0
10	S21	1	0
10	N56	1	3.46e-09
10	N39	1	1.564e-07
10	N36	1	0.0001382
10	S28	1	1
10	S4	1	0
10	S3	1	0
10	S2	1	0
10	S5	1	0
10	N61	1	1.722e-05
10	S1	1	0
10	N60	1	4.653e-06
10	N59	1	4.387e-05
10	N58	1	0.0009254
10	N57	1	0.01269
10	N35	1	0.001105
10	N11	1	0.0006839
10	N10	1	0.000663
10	N4	1	7.905e-05
10	N3	1	0.0002203
10	N2	1	4.866e-09
10	S62	1	0
10	N1	1	0.09659
11	S35	1	0
11	S36	1	0
11	S29	1	0
11	S30	1	0
11	N6	1	8.285e-05
11	S32	1	0
11	S33	1	0
11	S31	1	0
11	N9	1	1.441e-07
11	N8	1	1.044e-07
11	S34	1	0
11	N7	1	3.938e-05
11	N5	1	3.265e-05
11	S37	1	0
11	S61	1	0
11	S58	1	0
11	S59	1	0
11	S57	1	0
11	S56	1	0
11	N19	1	3.33e-13
11	S60	1	0
11	N18	1	3.847e-07
11	N17	1	3.663e-06
11	N16	1	7.336e-05
11	S55	1	0
11	N15	1	0.0149
11	S54	1	1
11	S48	1	1
11	S49	1	1
11	S50	1	1
11	N24	1	1
11	N23	1	1
11	N22	1	1
11	S53	1	1
11	S52	1	1
11	N25	1	1
11	N21	1	1
11	S51	1	1
11	N20	1	0.998
11	N14	1	0.285
11	S47	1	1
11	S38	1	1
11	S39	1	1
11	N29	1	1
11	S42	1	1
11	S40	1	1
11	S43	1	1
11	N32	1	1
11	S41	1	1
11	N31	1	1
11	N30	1	1
11	N28	1	1
11	S44	1	1
11	S45	1	1
11	S46	1	1
11	N34	1	1
11	N33	1	1
11	N27	1	1
11	N26	1	0.9988
11	N13	1	0.2804
11	N12	1	0.2376
11	S25	1	0
11	S26	1	0
11	S27	1	0
11	N38	1	9.659e-15
11	N37	1	8.763e-12
11	S23	1	0
11	S19	1	0
11	S17	1	0
11	S16	1	0
11	N48	1	4.011e-14
11	N47	1	1.471e-16
11	S18	1	0
11	S20	1	0
11	N49	1	8.018e-14
11	N46	1	1.205e-13
11	S14	1	0
11	N45	1	3.641e-17
11	S15	1	0
11	N44	1	6.679e-17
11	S13	1	0
11	N43	1	4.855e-14
11	S10	1	0
11	S12	1	0
11	S11	1	0
11	N54	1	3.999e-14
11	S6	1	0
11	N53	1	8.098e-20
11	N52	1	3.989e-14
11	S7	1	0
11	N51	1	3.987e-14
11	S9	1	0
11	S8	1	0
11	N55	1	9.628e-17
11	N50	1	7.551e-14
11	N42	1	6.093e-09
11	S24	1	0
11	N41	1	1.152e-06
11	N40	1	5.215e-08
11	S22	1	0
11	S21	1	0
11	N56	1	4.774e-09
11	N39	1	1.972e-07
11	N36	1	0.0001303
11	S28	1	0.02576
11	S4	1	0
11	S3	1	0
11	S2	1	0
11	S5	1	0
11	N61	1	2.333e-05
11	S1	1	0
11	N60	1	5.288e-06
11	N59	1	2.682e-05
11	N58	1	0.0001836
11	N57	1	0.001115
11	N35	1	0.0008396
11	N11	1	0.003171
11	N10	1	0.001955
11	N4	1	0.0001398
11	N3	1	0.0003171
11	N2	1	6.549e-09
11	S62	1	0
11	N1	1	0.1077
12	S35	1	1
12	S36	1	0
12	S29	1	1
12	S30	1	1
12	N6	1	1
12	S32	1	1
12	S33	1	1
12	S31	1	1
12	N9	1	1
12	N8	1	1
12	S34	1	1
12	N7	1	1
12	N5	1	1
12	S37	1	1
12	S61	1	1
12	S58	1	1
12	S59	1	1
12	S57	1	1
12	S56	1	1
12	N19	1	1
12	S60	1	1
12	N18	1	1
12	N17	1	1
12	N16	1	1
12	S55	1	1
12	N15	1	1
12	S54	1	1
12	S48	1	1
12	S49	1	1
12	S50	1	1
12	N24	1	1
12	N23	1	1
12	N22	1	1
12	S53	1	1
12	S52	1	1
12	N25	1	1
12	N21	1	1
12	S51	1	1
12	N20	1	1
12	N14	1	1
12	S47	1	1
12	S38	1	1
12	S39	1	1
12	N29	1	1
12	S42	1	1
12	S40	1	1
12	S43	1	1
12	N32	1	1
12	S41	1	1
12	N31	1	1
12	N30	1	1
12	N28	1	1
12	S44	1	1
12	S45	1	1
12	S46	1	1
12	N34	1	1
12	N33	1	1
12	N27	1	1
12	N26	1	1
12	N13	1	1
12	N12	1	1
12	S25	1	1
12	S26	1	1
12	S27	1	1
12	N38	1	1
12	N37	1	1
12	S23	1	1
12	S19	1	1
12	S17	1	1
12	S16	1	1
12	N48	1	1
12	N47	1	1
12	S18	1	1
12	S20	1	1
12	N49	1	1
12	N46	1	1
12	S14	1	1
12	N45	1	1
12	S15	1	1
12	N44	1	1
12	S13	1	1
12	N43	1	1
12	S10	1	1
12	S12	1	1
12	S11	1	1
12	N54	1	1
12	S6	1	1
12	N53	1	1
12	N52	1	1
12	S7	1	1
12	N51	1	1
12	S9	1	1
12	S8	1	1
12	N55	1	1
12	N50	1	1
12	N42	1	1
12	S24	1	1
12	N41	1	1
12	N40	1	1
12	S22	1	1
12	S21	1	1
12	N56	1	1
12	N39	1	1
12	N36	1	1
12	S28	1	1
12	S4	1	1
12	S3	1	1
12	S2	1	1
12	S5	1	1
12	N61	1	1
12	S1	1	1
12	N60	1	1
12	N59	1	1
12	N58	1	1
12	N57	1	1
12	N35	1	1
12	N11	1	1
12	N10	1	1
12	N4	1	1
12	N3	1	0.999
12	N2	1	1
12	S62	1	1
12	N1	1	0.7846
