# print count over countCutOffLow=0.1 to countCutOffHigh=0.9 with increment=0.05
POS	prob01	prob10	exp01	exp10	prob01_Rec	prob10_Rec	exp01_Rec	exp10_Rec	prob01_Anc	prob10_Anc	exp01_Anc	exp10_Anc	count01_0.1	count10_0.1	count01_0.15	count10_0.15	count01_0.2	count10_0.2	count01_0.25	count10_0.25	count01_0.3	count10_0.3	count01_0.35	count10_0.35	count01_0.4	count10_0.4	count01_0.45	count10_0.45	count01_0.5	count10_0.5	count01_0.55	count10_0.55	count01_0.6	count10_0.6	count01_0.65	count10_0.65	count01_0.7	count10_0.7	count01_0.75	count10_0.75	count01_0.8	count10_0.8	count01_0.85	count10_0.85	count01_0.9	count10_0.9	
1	1.963	0.5011	2.062	0.5415	0.9589	0.4894	1.059	0.5298	1.004	0.01169	1.004	0.01169	3	2	2	1	2	1	2	1	2	1	2	1	2	0	2	0	2	0	2	0	2	0	2	0	2	0	2	0	2	0	1	0	1	0	
2	1.609	0.7566	1.724	0.9233	1.592	0.7443	1.707	0.911	0.01653	0.01225	0.01654	0.01226	3	2	3	2	3	2	3	2	1	2	1	2	1	0	1	0	1	0	1	0	1	0	1	0	1	0	1	0	1	0	1	0	1	0	
3	1.42	0.5653	1.486	0.6637	0.4154	0.5537	0.4807	0.6521	1.005	0.01157	1.006	0.01157	3	2	3	2	3	2	1	2	1	0	1	0	1	0	1	0	1	0	1	0	1	0	1	0	1	0	1	0	1	0	1	0	1	0	
4	1.954	0.933	2.095	1.125	1.817	0.8652	1.959	1.058	0.1366	0.06781	0.1367	0.06784	3	2	3	2	3	2	3	2	3	2	1	2	1	0	1	0	1	0	1	0	1	0	1	0	1	0	1	0	1	0	1	0	1	0	
5	1.564	3.206	1.953	3.384	1.478	0.9735	1.867	1.151	0.08613	2.233	0.0862	2.233	3	5	2	5	2	5	2	5	2	4	1	3	1	3	1	3	1	2	1	2	1	1	1	1	1	1	1	1	1	1	1	1	1	1	
6	1.682	1.827	1.908	1.999	1.056	1.126	1.283	1.298	0.6252	0.7006	0.6254	0.7008	4	4	3	3	3	3	3	3	2	3	1	2	1	1	1	0	1	0	1	0	1	0	0	0	0	0	0	0	0	0	0	0	0	0	
7	1.42	0.5653	1.486	0.6637	0.4154	0.5537	0.4807	0.6521	1.005	0.01157	1.006	0.01157	3	2	3	2	3	2	1	2	1	0	1	0	1	0	1	0	1	0	1	0	1	0	1	0	1	0	1	0	1	0	1	0	1	0	
8	1.114	0.6084	1.288	0.6853	1.053	0.5919	1.228	0.6689	0.06076	0.01641	0.0608	0.01642	2	2	2	2	1	1	1	1	1	1	1	1	1	0	1	0	1	0	1	0	1	0	1	0	1	0	1	0	1	0	0	0	0	0	
9	3.275	5.539	3.537	5.851	2.132	2.878	2.393	3.189	1.143	2.661	1.144	2.662	4	8	4	8	4	8	4	8	4	5	4	5	4	5	4	5	3	5	2	3	2	3	2	3	2	2	2	2	2	2	2	2	2	1	
10	1.604	0.763	1.718	0.9284	1.58	0.7366	1.694	0.902	0.02457	0.02639	0.02458	0.0264	3	2	3	2	3	2	3	2	1	2	1	2	1	0	1	0	1	0	1	0	1	0	1	0	1	0	1	0	1	0	1	0	1	0	
11	2.52	1.464	2.677	1.689	0.7826	1.157	0.9388	1.382	1.737	0.3072	1.738	0.3072	5	4	5	4	5	4	4	3	4	2	4	2	2	2	2	0	2	0	2	0	2	0	2	0	2	0	0	0	0	0	0	0	0	0	
12	0.5276	1.134	0.5733	1.142	0.5255	1.132	0.5712	1.139	0.002131	0.002123	0.002131	0.002124	2	1	2	1	2	1	2	1	0	1	0	1	0	1	0	1	0	1	0	1	0	1	0	1	0	1	0	1	0	1	0	1	0	1	
