# print with MP based on the cost matrix: 
#  0->0 =0
#  0->1 =2
#  1->0 =1
#  1->1 =0
# MP Gain and Loss counts
branch	branchLength	distance2root	distance2NearestOTU	numOfNodes2NearestOTU	exp01	exp10
N1	-1	0	17.2694	1	0	0
N2	17.2694	17.2694	1e-06	1	0	2
S35	1e-06	17.2694	0	0	0	1
N3	0.602927	17.8723	0.725485	1	0	0
S36	0.85355	18.7259	0	0	0	1
N4	0.175044	18.0474	0.550441	2	0	0
N5	0.151763	18.1991	0.398678	2	0	0
N6	0.34294	18.5421	0.23904	1	0	0
S29	0.23904	18.7811	0	0	0	0
S30	0.311522	18.8536	0	0	0	0
N7	0.083063	18.2822	0.315615	1	0	1
N8	0.308764	18.5909	0.00685118	1	1	1
S32	0.00685118	18.5978	0	0	0	0
N9	0.0128224	18.6038	0.0215424	1	0	0
S33	0.0215424	18.6253	0	0	1	0
S31	0.140491	18.7443	0	0	0	0
S34	0.361292	18.6435	0	0	0	0
N10	0.506743	18.5541	0.791129	1	1	0
S37	1.59651	20.1506	0	0	0	1
N11	0.218546	18.7726	0.572583	2	0	1
N12	1.07871	19.8514	0.109099	1	2	0
S61	0.109099	19.9605	0	0	0	0
N13	0.00472417	19.8561	0.232512	2	1	0
N14	0.100352	19.9564	0.13216	2	0	0
N15	0.0401935	19.9966	0.0919662	1	0	1
N16	0.0844117	20.081	0.0512125	1	0	0
S58	0.0512125	20.1323	0	0	0	0
N17	0.0246901	20.1057	0.0567467	1	0	0
S59	0.0567467	20.1625	0	0	0	0
N18	0.0632702	20.169	0.022153	1	0	0
N19	0.022152	20.1912	1e-06	1	0	0
S57	1e-06	20.1912	0	0	0	0
S56	0.00389551	20.195	0	0	0	0
S60	0.071706	20.2407	0	0	0	0
S55	0.0919662	20.0886	0	0	0	0
N20	0.104046	20.0605	0.155079	1	0	0
N21	0.0522296	20.1127	0.189382	2	0	0
N22	0.0989996	20.2117	0.0903823	1	0	0
S54	0.381072	20.5928	0	0	0	0
N23	0.0404269	20.2521	0.0499555	1	0	0
S48	0.0900515	20.3422	0	0	0	0
N24	0.0433399	20.2955	0.0066156	1	0	0
S49	0.0066156	20.3021	0	0	0	0
S50	0.0300686	20.3255	0	0	0	0
N25	0.065679	20.1784	0.14881	1	0	0
S53	0.195336	20.3737	0	0	0	0
S52	0.14881	20.3272	0	0	0	0
S51	0.155079	20.2156	0	0	0	0
N26	0.227334	20.0834	0.272297	1	0	0
S47	0.272297	20.3557	0	0	0	0
N27	0.0391239	20.1225	0.314063	2	0	0
N28	0.097735	20.2203	0.216327	2	0	0
N29	0.231478	20.4518	0.0629132	1	0	0
S38	0.0629132	20.5147	0	0	0	0
S39	0.0788293	20.5306	0	0	0	0
N30	0.204986	20.4253	0.0113413	1	0	0
S42	0.0113413	20.4366	0	0	0	0
N31	0.0119435	20.4372	1e-06	1	0	0
N32	0.00224974	20.4395	0.0332538	1	0	0
S40	0.101813	20.5413	0	0	0	0
S43	0.0332538	20.4727	0	0	0	0
S41	1e-06	20.4372	0	0	0	0
N33	0.0812785	20.2038	0.290528	1	0	0
S44	0.290528	20.4943	0	0	0	0
N34	0.44567	20.6495	0.0503543	1	0	0
S45	0.0561429	20.7056	0	0	0	0
S46	0.0503543	20.6998	0	0	0	0
N35	0.102928	18.8756	0.469655	2	0	0
N36	0.215564	19.0911	0.254092	2	0	0
N37	0.353544	19.4447	2e-06	1	0	0
S25	0.00658831	19.4513	0	0	0	0
N38	1e-06	19.4447	1e-06	1	0	0
S26	1e-06	19.4447	0	0	0	0
S27	0.00327581	19.448	0	0	0	0
N39	0.210642	19.3018	0.0434502	2	0	0
N40	0.00462879	19.3064	0.0504572	1	0	0
S23	0.0504572	19.3569	0	0	0	0
N41	0.0322427	19.3387	0.0727781	1	0	0
N42	0.0688669	19.4075	0.00391122	2	0	0
N43	0.00390822	19.4114	3e-06	1	0	0
N44	1e-06	19.4114	2e-06	1	0	0
N45	1e-06	19.4114	1e-06	1	0	0
N46	0.0100382	19.4215	2e-06	2	0	0
N47	1e-06	19.4215	1e-06	1	0	0
S19	1e-06	19.4215	0	0	0	0
N48	0.00333557	19.4248	1e-06	1	0	0
S17	0.00333396	19.4281	0	0	0	0
S16	1e-06	19.4248	0	0	0	0
N49	0.00332916	19.4248	1e-06	1	0	0
S18	1e-06	19.4248	0	0	0	0
S20	0.00668138	19.4315	0	0	0	0
S14	1e-06	19.4114	0	0	0	0
S15	0.00334146	19.4148	0	0	0	0
S13	0.00331773	19.4147	0	0	0	0
N50	0.00620386	19.4137	2e-06	2	0	0
N51	0.00332368	19.417	1e-06	1	0	0
N52	0.00332662	19.4204	2e-06	1	0	0
S10	0.00332504	19.4237	0	0	0	0
N53	1e-06	19.4204	1e-06	1	0	0
N54	1e-06	19.4204	0.00332907	1	0	0
S12	0.00332907	19.4237	0	0	0	0
S11	0.0033311	19.4237	0	0	0	0
S6	1e-06	19.4204	0	0	0	0
S7	1e-06	19.417	0	0	0	0
N55	1e-06	19.4137	1e-06	1	0	0
S9	0.00332283	19.417	0	0	0	0
S8	1e-06	19.4137	0	0	0	0
S24	0.148457	19.4871	0	0	0	0
N56	0.0403995	19.3422	0.00305066	1	0	0
S22	0.0106953	19.3529	0	0	0	0
S21	0.00305066	19.3452	0	0	0	0
N57	0.146991	19.0226	0.712242	1	0	0
S28	0.808262	19.8308	0	0	1	0
N58	0.327064	19.3496	0.385178	1	0	1
S4	0.385178	19.7348	0	0	0	0
N59	0.238359	19.588	0.235857	1	0	0
S3	0.240759	19.8287	0	0	0	0
N60	0.105392	19.6934	0.130465	1	0	0
N61	0.0558053	19.7492	0.212502	1	0	0
S2	0.212502	19.9617	0	0	0	0
S5	0.560996	20.3102	0	0	2	0
S1	0.130465	19.8238	0	0	0	0
S62	17.2694	17.2694	0	0	0	1
