# print values over probCutOff 0.05
G/L	POS	branch	branchLength	distance2root	distance2NearestOTU	numOfNodes2NearestOTU	probability
gain	1	N2	0.5698	0.5698	3.299e-08	1	0.1269
loss	1	N2	0.5698	0.5698	3.299e-08	1	0.3529
gain	1	N10	0.01672	0.6122	0.0261	1	0.9803
gain	1	S62	0.5698	0.5698	0	0	0.8131
loss	1	S62	0.5698	0.5698	0	0	0.1269
gain	2	N2	0.5698	0.5698	3.299e-08	1	0.2888
loss	2	N2	0.5698	0.5698	3.299e-08	1	0.3595
gain	2	S5	0.01851	0.6701	0	0	0.9955
gain	2	S62	0.5698	0.5698	0	0	0.2888
loss	2	S62	0.5698	0.5698	0	0	0.3595
gain	3	N2	0.5698	0.5698	3.299e-08	1	0.2015
loss	3	N2	0.5698	0.5698	3.299e-08	1	0.2691
gain	3	N12	0.03559	0.655	0.0036	1	0.9947
gain	3	S62	0.5698	0.5698	0	0	0.2015
loss	3	S62	0.5698	0.5698	0	0	0.2691
gain	4	N2	0.5698	0.5698	3.299e-08	1	0.3363
loss	4	N2	0.5698	0.5698	3.299e-08	1	0.3911
gain	4	S33	0.0007108	0.6145	0	0	0.9775
gain	4	S62	0.5698	0.5698	0	0	0.3218
loss	4	S62	0.5698	0.5698	0	0	0.3934
gain	5	N2	0.5698	0.5698	3.299e-08	1	0.9484
loss	5	N2	0.5698	0.5698	3.299e-08	1	0.3413
loss	5	N8	0.01019	0.6134	0.0002261	1	0.9961
loss	5	N10	0.01672	0.6122	0.0261	1	0.09866
gain	5	S37	0.05268	0.6649	0	0	0.1108
loss	5	N11	0.007211	0.6194	0.01889	2	0.5985
loss	5	N12	0.03559	0.655	0.0036	1	0.07433
loss	5	N35	0.003396	0.6228	0.0155	2	0.2724
gain	5	S62	0.5698	0.5698	0	0	0.3413
loss	5	S62	0.5698	0.5698	0	0	0.4541
gain	6	N2	0.5698	0.5698	3.299e-08	1	0.6109
loss	6	N2	0.5698	0.5698	3.299e-08	1	0.3466
gain	6	N3	0.01989	0.5897	0.02394	1	0.07055
loss	6	S36	0.02816	0.6179	0	0	0.09618
gain	6	N5	0.005007	0.6005	0.01315	2	0.1171
loss	6	N6	0.01132	0.6118	0.007887	1	0.05175
gain	6	N7	0.002741	0.6032	0.01041	1	0.06565
gain	6	N8	0.01019	0.6134	0.0002261	1	0.2543
loss	6	S34	0.01192	0.6151	0	0	0.05955
loss	6	N10	0.01672	0.6122	0.0261	1	0.3524
loss	6	S37	0.05268	0.6649	0	0	0.07052
loss	6	N11	0.007211	0.6194	0.01889	2	0.1416
loss	6	N35	0.003396	0.6228	0.0155	2	0.06471
gain	6	S62	0.5698	0.5698	0	0	0.3097
loss	6	S62	0.5698	0.5698	0	0	0.4129
gain	7	N2	0.5698	0.5698	3.299e-08	1	0.2015
loss	7	N2	0.5698	0.5698	3.299e-08	1	0.2691
gain	7	N12	0.03559	0.655	0.0036	1	0.9947
gain	7	S62	0.5698	0.5698	0	0	0.2015
loss	7	S62	0.5698	0.5698	0	0	0.2691
gain	8	N2	0.5698	0.5698	3.299e-08	1	0.1758
loss	8	N2	0.5698	0.5698	3.299e-08	1	0.3925
gain	8	S62	0.5698	0.5698	0	0	0.8242
loss	8	S62	0.5698	0.5698	0	0	0.1758
gain	9	N2	0.5698	0.5698	3.299e-08	1	0.4607
loss	9	N2	0.5698	0.5698	3.299e-08	1	0.5309
gain	9	N3	0.01989	0.5897	0.02394	1	0.9316
gain	9	S36	0.02816	0.6179	0	0	0.07406
gain	9	N6	0.01132	0.6118	0.007887	1	0.07655
loss	9	N7	0.002741	0.6032	0.01041	1	0.6595
loss	9	N8	0.01019	0.6134	0.0002261	1	0.2644
loss	9	S34	0.01192	0.6151	0	0	0.2646
loss	9	S37	0.05268	0.6649	0	0	0.9539
loss	9	N12	0.03559	0.655	0.0036	1	0.2955
loss	9	S54	0.01257	0.6795	0	0	0.07367
loss	9	N26	0.007501	0.6626	0.008984	1	0.05024
loss	9	S47	0.008984	0.6716	0	0	0.05567
loss	9	S44	0.009586	0.6762	0	0	0.05708
loss	9	N34	0.0147	0.6813	0.001661	1	0.08553
loss	9	N58	0.01079	0.6384	0.01271	1	0.8905
loss	9	S4	0.01271	0.6511	0	0	0.08321
loss	9	N59	0.007865	0.6463	0.007782	1	0.07298
gain	9	S5	0.01851	0.6701	0	0	0.9861
gain	9	S62	0.5698	0.5698	0	0	0.5228
loss	9	S62	0.5698	0.5698	0	0	0.5225
gain	10	N2	0.5698	0.5698	3.299e-08	1	0.2873
loss	10	N2	0.5698	0.5698	3.299e-08	1	0.3579
gain	10	S28	0.02667	0.6543	0	0	0.9874
gain	10	S62	0.5698	0.5698	0	0	0.2873
loss	10	S62	0.5698	0.5698	0	0	0.3579
gain	11	N2	0.5698	0.5698	3.299e-08	1	0.3638
loss	11	N2	0.5698	0.5698	3.299e-08	1	0.4372
gain	11	N12	0.03559	0.655	0.0036	1	0.2388
loss	11	S61	0.0036	0.6586	0	0	0.2377
loss	11	N15	0.001326	0.6598	0.003034	1	0.2701
gain	11	N20	0.003433	0.6619	0.005117	1	0.7131
gain	11	N26	0.007501	0.6626	0.008984	1	0.7184
gain	11	S62	0.5698	0.5698	0	0	0.3638
loss	11	S62	0.5698	0.5698	0	0	0.4372
gain	12	N2	0.5698	0.5698	3.299e-08	1	0.2617
loss	12	N2	0.5698	0.5698	3.299e-08	1	0.06548
loss	12	S36	0.02816	0.6179	0	0	0.999
gain	12	S62	0.5698	0.5698	0	0	0.2617
loss	12	S62	0.5698	0.5698	0	0	0.06548
