# Gain and Loss
branch	branchLength	distance2root	distance2NearestOTU	numOfNodes2NearestOTU	exp01	exp10
N2	0.4328	0.4328	0.01061	2	3.451	3.208
N3	2.506e-08	0.4328	0.01061	1	1.146e-06	1.478e-06
S29	0.01268	0.4455	0	0	1.741	0.1515
N4	0.009904	0.4427	0.0007042	1	0.3448	0.3306
S30	0.003022	0.4457	0	0	0.0004519	0.005092
N5	0.0002655	0.443	0.0004387	1	0.002533	0.000307
S31	0.0004387	0.4434	0	0	9.241e-06	0.006876
S32	0.0005203	0.4435	0	0	0.9931	1.581e-05
N6	0.02238	0.4552	0.01202	3	1.322	0.9252
N7	0.0281	0.4833	0.00361	2	2.594	0.1492
N8	0.004566	0.4878	0.007698	2	0.4749	0.06645
N9	0.001757	0.4896	0.006843	1	0.006372	0.02469
S39	0.006843	0.4964	0	0	0.02517	0.09305
N10	0.01075	0.5004	0.001226	1	0.04056	0.1445
S41	0.001226	0.5016	0	0	0.004432	0.01536
S40	0.001323	0.5017	0	0	0.004783	0.01656
N11	0.0009642	0.4888	0.006734	1	0.003517	0.01359
S42	0.006734	0.4955	0	0	0.02471	0.09225
N12	0.002138	0.4909	0.005319	2	0.007628	0.02973
N13	0.005044	0.496	0.0002745	1	0.01838	0.0681
N14	0.0002745	0.4963	2.506e-08	1	0.0009777	0.003586
N15	4.896e-05	0.4963	0.0007982	1	0.0001743	0.0006385
S35	0.002436	0.4988	0	0	0.008809	0.03152
S38	0.0007982	0.4971	0	0	0.002855	0.01038
S36	2.506e-08	0.4963	0	0	8.916e-08	3.269e-07
S37	0.0002818	0.4963	0	0	0.001004	0.003682
N16	0.00552	0.4965	0.001658	1	0.02018	0.07441
S34	0.00171	0.4982	0	0	0.006156	0.02215
S33	0.001658	0.4981	0	0	0.005966	0.02148
N17	0.001087	0.4844	0.002523	1	0.04668	0.03408
S56	0.002523	0.4869	0	0	0.009042	0.5234
N18	0.002508	0.4869	0.003173	2	0.01497	0.01319
N19	0.002419	0.4893	0.00375	1	0.4916	0.03642
S46	0.00375	0.493	0	0	0.01398	0.05489
N20	0.001319	0.4906	0.00447	2	0.005264	0.01947
N21	0.003052	0.4937	0.001418	1	0.01083	0.04421
S43	0.002008	0.4957	0	0	0.007116	0.02834
N22	0.0005297	0.4942	0.0008885	1	0.001859	0.007513
S49	0.009675	0.5039	0	0	0.03612	0.1326
N23	0.0007041	0.4949	0.0001845	1	0.002475	0.009929
S44	0.0001845	0.4951	0	0	0.0006471	0.002588
S45	0.0006839	0.4956	0	0	0.002408	0.009579
N24	0.001466	0.4921	0.003552	1	0.005151	0.02135
S48	0.004677	0.4968	0	0	0.01682	0.06643
S47	0.003552	0.4956	0	0	0.01268	0.05064
N25	0.001022	0.4879	0.002152	1	0.003625	0.4944
S50	0.002152	0.49	0	0	0.007521	0.03569
N26	0.002072	0.49	0.001271	1	0.007238	0.03521
S53	0.001271	0.4912	0	0	0.004418	0.005617
N27	0.00058	0.4905	0.001334	1	0.002007	0.002622
N28	0.001547	0.4921	0.0005125	1	0.005387	0.006673
S55	0.001741	0.4938	0	0	0.006075	0.007467
N29	0.0005125	0.4926	2.506e-08	1	0.001773	0.002188
S52	2.506e-08	0.4926	0	0	8.637e-08	1.066e-07
S51	9.331e-05	0.4927	0	0	0.0003218	0.0003969
S54	0.001334	0.4919	0	0	0.004639	0.005751
N30	0.000546	0.4557	0.01148	2	0.009679	0.02705
N31	0.004386	0.4601	0.007089	2	0.6444	0.0167
N32	0.007124	0.4672	2.506e-08	1	0.007119	0.004392
N33	0.000154	0.4674	2.506e-08	1	1.139e-06	1.139e-06
S27	7.659e-05	0.4675	0	0	2.819e-07	2.819e-07
S26	2.506e-08	0.4674	0	0	3.311e-14	3.64e-13
S25	2.506e-08	0.4672	0	0	2.328e-12	4.426e-11
N34	0.005986	0.4661	0.001103	1	0.006424	0.003696
S23	0.001159	0.4673	0	0	6.434e-05	6.449e-05
N35	2.506e-08	0.4661	0.001103	2	4.314e-11	3.188e-10
N36	0.001031	0.4671	7.251e-05	1	5.094e-05	5.107e-05
S21	7.251e-05	0.4672	0	0	2.529e-07	2.73e-07
S22	0.0002421	0.4674	0	0	2.816e-06	2.836e-06
N37	0.0007316	0.4668	0.001669	1	2.997e-05	2.585e-05
N38	0.001579	0.4684	8.995e-05	2	0.0001193	0.0001236
N39	0.000142	0.4686	5.012e-08	2	9.695e-07	9.923e-07
N40	7.619e-05	0.4686	2.506e-08	1	2.789e-07	2.789e-07
N41	7.624e-05	0.4687	5.012e-08	1	2.793e-07	2.793e-07
N42	2.506e-08	0.4687	2.506e-08	1	3.158e-14	1.949e-13
S6	2.506e-08	0.4687	0	0	3.013e-14	3.013e-14
N43	2.506e-08	0.4687	7.624e-05	1	1.95e-13	3.161e-14
S10	7.624e-05	0.4688	0	0	2.793e-07	2.793e-07
S11	7.635e-05	0.4688	0	0	2.801e-07	2.801e-07
S12	7.63e-05	0.4688	0	0	2.798e-07	2.798e-07
S7	2.506e-08	0.4686	0	0	3.161e-14	1.947e-13
N44	2.506e-08	0.4686	2.506e-08	1	3.291e-14	3.41e-13
S9	7.617e-05	0.4686	0	0	2.788e-07	2.788e-07
S8	2.506e-08	0.4686	0	0	3.011e-14	3.05e-14
N45	8.99e-05	0.4685	5.012e-08	1	3.886e-07	4.114e-07
N46	2.506e-08	0.4685	2.506e-08	1	3.185e-14	2.309e-13
N47	2.506e-08	0.4685	7.662e-05	1	5.294e-13	3.462e-14
S15	7.662e-05	0.4686	0	0	2.821e-07	2.821e-07
N48	0.0002303	0.4687	5.012e-08	2	2.546e-06	2.546e-06
N49	2.506e-08	0.4687	2.506e-08	1	3.464e-14	5.282e-13
N50	7.631e-05	0.4688	2.506e-08	1	2.798e-07	2.798e-07
S18	2.506e-08	0.4688	0	0	3.308e-14	3.609e-13
S20	0.0001531	0.469	0	0	1.126e-06	1.126e-06
S19	2.506e-08	0.4687	0	0	3.011e-14	3.071e-14
N51	7.644e-05	0.4688	2.506e-08	1	2.808e-07	2.808e-07
S16	2.506e-08	0.4688	0	0	3.159e-14	1.956e-13
S17	7.641e-05	0.4689	0	0	2.805e-07	2.805e-07
S14	2.506e-08	0.4685	0	0	3.013e-14	3.013e-14
S13	7.606e-05	0.4686	0	0	2.78e-07	2.78e-07
S24	0.003416	0.4702	0	0	0.0005552	0.0005594
N52	0.003737	0.4595	0.01762	1	0.0152	0.146
S28	0.02036	0.4798	0	0	1.013	0.2391
N53	0.007584	0.4671	0.01003	1	0.006322	0.08428
S4	0.01003	0.4771	0	0	0.00459	0.1654
N54	0.004565	0.4716	0.005919	1	0.01894	0.007204
S5	0.01164	0.4833	0	0	2.84	0.005396
N55	0.001418	0.473	0.004501	1	0.0001116	0.1581
S2	0.005022	0.4781	0	0	0.001186	0.01579
N56	0.001689	0.4747	0.002812	1	0.0001783	0.01262
S3	0.007574	0.4823	0	0	0.002674	0.004831
S1	0.002812	0.4775	0	0	0.0003758	0.002533
S57	0.4328	0.4328	0	0	4.445	3.089
