# print count over countCutOffLow=0.1 to countCutOffHigh=0.9 with increment=0.05
POS	prob01	prob10	exp01	exp10	prob01_Rec	prob10_Rec	exp01_Rec	exp10_Rec	prob01_Anc	prob10_Anc	exp01_Anc	exp10_Anc	count01_0.1	count10_0.1	count01_0.15	count10_0.15	count01_0.2	count10_0.2	count01_0.25	count10_0.25	count01_0.3	count10_0.3	count01_0.35	count10_0.35	count01_0.4	count10_0.4	count01_0.45	count10_0.45	count01_0.5	count10_0.5	count01_0.55	count10_0.55	count01_0.6	count10_0.6	count01_0.65	count10_0.65	count01_0.7	count10_0.7	count01_0.75	count10_0.75	count01_0.8	count10_0.8	count01_0.85	count10_0.85	count01_0.9	count10_0.9	
1	2.053	0.4089	2.151	0.4291	0.9403	0.1599	1.027	0.1668	1.113	0.249	1.123	0.2623	3	2	2	1	2	1	2	0	2	0	2	0	2	0	2	0	2	0	2	0	2	0	2	0	2	0	2	0	2	0	2	0	2	0	
2	1.38	0.473	1.414	0.5215	1.181	0.2328	1.198	0.257	0.1984	0.2403	0.2153	0.2645	3	2	3	2	1	2	1	0	1	0	1	0	1	0	1	0	1	0	1	0	1	0	1	0	1	0	1	0	1	0	1	0	1	0	
3	1.355	0.7294	1.411	0.7781	1.06	0.2353	1.077	0.2602	0.2955	0.4941	0.3337	0.5179	3	4	3	2	2	2	2	0	1	0	1	0	1	0	1	0	1	0	1	0	1	0	1	0	1	0	1	0	1	0	1	0	0	0	
4	1.313	1.245	1.435	1.29	0.2215	0.3519	0.238	0.3766	1.091	0.8936	1.197	0.913	3	3	3	3	2	2	2	1	2	1	1	1	1	1	1	1	1	1	1	1	1	1	1	0	1	0	0	0	0	0	0	0	0	0	
5	1.308	0.4	1.331	0.4341	0.1541	0.197	0.1655	0.2141	1.154	0.203	1.166	0.22	3	2	3	2	1	0	1	0	1	0	1	0	1	0	1	0	1	0	1	0	1	0	1	0	1	0	1	0	1	0	1	0	1	0	
6	1.472	0.5084	1.507	0.5587	1.227	0.26	1.244	0.2851	0.2453	0.2484	0.2631	0.2735	3	2	3	2	1	2	1	0	1	0	1	0	1	0	1	0	1	0	1	0	1	0	1	0	1	0	1	0	1	0	1	0	1	0	
7	1.46	0.5001	1.495	0.5495	1.217	0.2475	1.234	0.2722	0.2437	0.2526	0.2609	0.2773	3	2	3	2	1	2	1	0	1	0	1	0	1	0	1	0	1	0	1	0	1	0	1	0	1	0	1	0	1	0	1	0	1	0	
8	1.909	1.595	1.95	1.652	0.2096	0.7904	0.2295	0.8186	1.699	0.8048	1.72	0.8331	5	4	5	4	5	4	3	2	3	2	3	2	3	2	3	2	1	1	0	0	0	0	0	0	0	0	0	0	0	0	0	0	0	0	
9	1.37	1.289	1.402	1.335	0.1856	0.673	0.2013	0.6959	1.184	0.6162	1.201	0.639	3	2	3	2	1	2	1	0	1	0	1	0	1	0	1	0	1	0	1	0	1	0	1	0	1	0	1	0	1	0	1	0	1	0	
10	2.403	1.736	2.461	1.799	1.14	0.8374	1.171	0.8689	1.263	0.8986	1.29	0.9304	5	7	5	4	5	3	4	2	3	0	2	0	2	0	2	0	2	0	2	0	2	0	1	0	1	0	1	0	1	0	0	0	0	0	
11	1.186	0.4107	1.322	0.4429	0.9903	0.1673	1.114	0.1795	0.1959	0.2434	0.2082	0.2634	2	2	2	2	1	1	1	0	1	0	1	0	1	0	1	0	1	0	1	0	1	0	1	0	1	0	1	0	1	0	1	0	1	0	
12	1.488	0.7757	1.553	0.8252	1.142	0.2517	1.167	0.2768	0.3453	0.524	0.3851	0.5484	3	4	3	2	3	2	2	0	1	0	1	0	1	0	1	0	1	0	1	0	1	0	1	0	1	0	1	0	1	0	1	0	0	0	
13	1.377	0.4799	1.41	0.5279	1.172	0.2302	1.189	0.2542	0.2049	0.2497	0.2216	0.2737	3	2	3	2	1	2	1	0	1	0	1	0	1	0	1	0	1	0	1	0	1	0	1	0	1	0	1	0	1	0	1	0	1	0	
