# Gain and Loss
branch	branchLength	distance2root	distance2NearestOTU	numOfNodes2NearestOTU	exp01	exp10
N2	0.4744	0.4744	0.009796	1	2.377	2.177
S27	0.009796	0.4842	0	0	0.2642	0.21
N3	0.004103	0.4785	0.01477	1	0.09087	0.1066
S26	0.01477	0.4932	0	0	1.758	0.1117
N4	0.0266	0.5051	0.0143	2	1.155	0.8771
N5	0.001561	0.5066	0.01274	3	0.1825	0.003189
N6	0.03284	0.5395	0.00459	2	2.406	0.08799
N7	0.004732	0.5442	0.008369	2	0.6123	0.04064
N8	0.0009442	0.5452	0.007425	1	0.002053	0.007969
N9	0.002348	0.5475	0.00578	2	0.00482	0.01968
N10	0.006066	0.5536	0.001807	1	0.0127	0.04993
S29	0.001862	0.5554	0	0	0.003865	0.01497
S28	0.001807	0.5554	0	0	0.00375	0.01453
N11	0.00548	0.553	0.0003002	1	0.01144	0.04516
S32	0.0003044	0.5533	0	0	0.000627	0.002461
N12	0.0003002	0.5533	2.747e-08	1	0.0006182	0.002427
N13	5.344e-05	0.5533	0.0008665	1	0.00011	0.0004315
S30	0.00264	0.556	0	0	0.005494	0.02122
S33	0.0008665	0.5542	0	0	0.00179	0.006986
S31	2.747e-08	0.5533	0	0	5.653e-08	2.218e-07
S35	0.007425	0.5526	0	0	0.01557	0.06171
N14	0.001882	0.5461	0.00751	1	0.003979	0.01586
S34	0.00751	0.5536	0	0	0.01579	0.06212
S36	0.01329	0.5594	0	0	0.02863	0.109
N15	0.001728	0.5412	0.002861	1	0.05866	0.04692
S50	0.002861	0.5441	0	0	0.005933	0.3617
N16	0.002705	0.5439	0.00346	2	0.01045	0.007826
N17	0.00113	0.545	0.00233	1	0.002319	0.3503
N18	0.002297	0.5473	0.001392	1	0.004599	0.01638
S47	0.001392	0.5487	0	0	0.002777	0.003374
N19	0.0006539	0.548	0.001459	1	0.0013	0.001596
S48	0.001459	0.5495	0	0	0.002912	0.003504
N20	0.001713	0.5497	0.0005497	1	0.003422	0.004116
S49	0.001934	0.5516	0	0	0.003867	0.00464
N21	0.0005497	0.5503	2.747e-08	1	0.001092	0.001313
S45	0.0001025	0.5504	0	0	0.0002033	0.0002444
S46	2.747e-08	0.5503	0	0	5.445e-08	6.546e-08
S44	0.00233	0.5474	0	0	0.004666	0.01649
N22	0.002688	0.5466	0.004101	1	0.6461	0.0241
S40	0.004101	0.5507	0	0	0.009143	0.03618
N23	0.001497	0.5481	0.00495	2	0.003825	0.01327
N24	0.003398	0.5515	0.001552	1	0.006892	0.02978
S37	0.002143	0.5536	0	0	0.004348	0.0185
N25	0.0005826	0.5521	0.0009694	1	0.001174	0.005043
S43	0.01063	0.5627	0	0	0.02242	0.09024
N26	0.000795	0.5529	0.0001744	1	0.001605	0.006859
S39	0.0007715	0.5536	0	0	0.001559	0.006629
S38	0.0001744	0.553	0	0	0.0003516	0.0015
N27	0.001564	0.5497	0.003959	1	0.003147	0.01375
S42	0.00513	0.5548	0	0	0.01051	0.04448
S41	0.003959	0.5536	0	0	0.008071	0.03439
N28	0.005366	0.512	0.007371	2	0.6268	0.01708
N29	0.007044	0.519	0.001035	1	0.004274	0.001849
S21	0.001035	0.5201	0	0	1.754e-05	1.802e-05
N30	0.000242	0.5193	0.00122	2	1.074e-06	1.496e-06
N31	0.0008317	0.5201	0.001789	1	1.219e-05	1.136e-05
N32	0.001691	0.5218	9.785e-05	2	4.663e-05	4.751e-05
N33	0.0001579	0.522	5.494e-08	2	4.072e-07	4.116e-07
N34	2.747e-08	0.522	2.747e-08	1	1.376e-14	7.517e-14
S7	8.402e-05	0.5221	0	0	1.153e-07	1.153e-07
S6	2.747e-08	0.522	0	0	1.23e-14	1.235e-14
N35	8.404e-05	0.5221	2.747e-08	1	1.153e-07	1.153e-07
N36	8.409e-05	0.5221	5.494e-08	1	1.155e-07	1.155e-07
N37	2.747e-08	0.5221	2.747e-08	1	1.305e-14	4.559e-14
N38	2.747e-08	0.5221	8.399e-05	1	4.555e-14	1.307e-14
S8	8.399e-05	0.5222	0	0	1.152e-07	1.152e-07
S10	8.414e-05	0.5222	0	0	1.156e-07	1.156e-07
S4	2.747e-08	0.5221	0	0	1.23e-14	1.23e-14
S9	8.42e-05	0.5222	0	0	1.158e-07	1.158e-07
S5	2.747e-08	0.5221	0	0	1.305e-14	4.553e-14
N39	9.776e-05	0.5219	8.241e-08	1	1.562e-07	1.606e-07
N40	2.747e-08	0.5219	5.494e-08	2	1.323e-14	5.153e-14
N41	2.747e-08	0.5219	2.747e-08	1	1.229e-14	1.238e-14
S12	2.747e-08	0.5219	0	0	1.23e-14	1.231e-14
S13	8.442e-05	0.522	0	0	1.164e-07	1.164e-07
N42	0.0002535	0.5222	5.494e-08	2	1.049e-06	1.049e-06
N43	2.747e-08	0.5222	2.747e-08	1	1.465e-14	1.126e-13
S17	2.747e-08	0.5222	0	0	1.23e-14	1.237e-14
N44	8.4e-05	0.5222	2.747e-08	1	1.152e-07	1.152e-07
S16	2.747e-08	0.5222	0	0	1.385e-14	7.891e-14
S18	0.0001686	0.5224	0	0	4.639e-07	4.639e-07
N45	8.414e-05	0.5222	2.747e-08	1	1.156e-07	1.156e-07
S14	2.747e-08	0.5222	0	0	1.308e-14	4.559e-14
S15	8.41e-05	0.5223	0	0	1.155e-07	1.155e-07
S11	8.372e-05	0.522	0	0	1.144e-07	1.144e-07
S22	0.003812	0.5239	0	0	0.0002363	0.0002372
N46	0.001134	0.5204	8.553e-05	1	2.099e-05	2.104e-05
S20	0.0002609	0.5207	0	0	1.111e-06	1.115e-06
S19	8.553e-05	0.5205	0	0	1.195e-07	1.238e-07
N47	0.007288	0.5193	8.334e-05	1	0.00433	0.001906
S23	8.334e-05	0.5194	0	0	1.155e-07	1.288e-07
N48	8.507e-05	0.5194	2.747e-08	1	1.203e-07	1.335e-07
S25	8.364e-05	0.5195	0	0	1.142e-07	1.142e-07
S24	2.747e-08	0.5194	0	0	1.311e-14	4.86e-14
N49	0.009852	0.5149	0.01084	1	0.002013	0.2018
S3	0.01153	0.5265	0	0	0.002133	0.01081
N50	0.005788	0.5207	0.005055	1	0.0005723	0.008982
S1	0.005055	0.5258	0	0	0.0004141	0.0006836
S2	0.005126	0.5258	0	0	0.0004259	0.0006954
S51	0.4744	0.4744	0	0	3.455	2.049
