# print values over probCutOff 0.05
G/L	POS	branch	branchLength	distance2root	distance2NearestOTU	numOfNodes2NearestOTU	probability	expectation
gain	1	N2	0.4744	0.4744	0.009796	1	0.1807	0.1918
loss	1	N2	0.4744	0.4744	0.009796	1	0.2507	0.2701
gain	1	N4	0.0266	0.5051	0.0143	2	0.9583	0.9587
gain	1	S51	0.4744	0.4744	0	0	0.9542	1.06
loss	1	S51	0.4744	0.4744	0	0	0.1588	0.1672
gain	2	N2	0.4744	0.4744	0.009796	1	0.2309	0.2483
loss	2	N2	0.4744	0.4744	0.009796	1	0.2202	0.2361
loss	2	S27	0.009796	0.4842	0	0	0.08604	0.08605
gain	2	S26	0.01477	0.4932	0	0	0.8767	0.8769
loss	2	N4	0.0266	0.5051	0.0143	2	0.1236	0.1237
gain	2	S51	0.4744	0.4744	0	0	0.1626	0.1713
loss	2	S51	0.4744	0.4744	0	0	0.2281	0.2451
gain	3	N2	0.4744	0.4744	0.009796	1	0.7479	0.8298
loss	3	N2	0.4744	0.4744	0.009796	1	0.1778	0.1885
gain	3	S27	0.009796	0.4842	0	0	0.2628	0.2628
loss	3	N3	0.004103	0.4785	0.01477	1	0.1053	0.1053
loss	3	S26	0.01477	0.4932	0	0	0.05897	0.05898
loss	3	N4	0.0266	0.5051	0.0143	2	0.6225	0.6228
gain	3	S51	0.4744	0.4744	0	0	0.1612	0.1699
loss	3	S51	0.4744	0.4744	0	0	0.2466	0.2658
gain	4	N2	0.4744	0.4744	0.009796	1	0.1614	0.1699
loss	4	N2	0.4744	0.4744	0.009796	1	0.2241	0.2404
gain	4	N6	0.03284	0.5395	0.00459	2	0.9966	0.9972
gain	4	S51	0.4744	0.4744	0	0	0.1611	0.1697
loss	4	S51	0.4744	0.4744	0	0	0.2241	0.2405
gain	5	N2	0.4744	0.4744	0.009796	1	0.1643	0.1733
loss	5	N2	0.4744	0.4744	0.009796	1	0.2271	0.244
gain	5	N6	0.03284	0.5395	0.00459	2	0.3972	0.3975
gain	5	N7	0.004732	0.5442	0.008369	2	0.6024	0.6024
loss	5	S50	0.002861	0.5441	0	0	0.3548	0.3548
loss	5	N17	0.00113	0.545	0.00233	1	0.3476	0.3476
gain	5	N22	0.002688	0.5466	0.004101	1	0.6408	0.6408
gain	5	S51	0.4744	0.4744	0	0	0.1641	0.1731
loss	5	S51	0.4744	0.4744	0	0	0.2271	0.2441
gain	6	N2	0.4744	0.4744	0.009796	1	0.1625	0.1713
loss	6	N2	0.4744	0.4744	0.009796	1	0.2253	0.2419
gain	6	N6	0.03284	0.5395	0.00459	2	0.9418	0.9424
loss	6	S36	0.01329	0.5594	0	0	0.07608	0.07609
gain	6	N15	0.001728	0.5412	0.002861	1	0.05501	0.05501
loss	6	S43	0.01063	0.5627	0	0	0.06427	0.06428
gain	6	S51	0.4744	0.4744	0	0	0.1623	0.171
loss	6	S51	0.4744	0.4744	0	0	0.2253	0.2419
gain	7	N2	0.4744	0.4744	0.009796	1	0.1672	0.1766
loss	7	N2	0.4744	0.4744	0.009796	1	0.2276	0.2444
gain	7	N4	0.0266	0.5051	0.0143	2	0.1849	0.185
gain	7	N5	0.001561	0.5066	0.01274	3	0.1784	0.1784
loss	7	N6	0.03284	0.5395	0.00459	2	0.07366	0.07371
gain	7	N28	0.005366	0.512	0.007371	2	0.6263	0.6263
loss	7	N49	0.009852	0.5149	0.01084	1	0.1842	0.1842
gain	7	S51	0.4744	0.4744	0	0	0.2231	0.2395
loss	7	S51	0.4744	0.4744	0	0	0.221	0.2371
gain	8	N2	0.4744	0.4744	0.009796	1	0.1592	0.1676
loss	8	N2	0.4744	0.4744	0.009796	1	0.2532	0.273
gain	8	S51	0.4744	0.4744	0	0	0.9553	1.062
loss	8	S51	0.4744	0.4744	0	0	0.159	0.1674
gain	9	N2	0.4744	0.4744	0.009796	1	0.2315	0.249
loss	9	N2	0.4744	0.4744	0.009796	1	0.2224	0.2386
loss	9	S27	0.009796	0.4842	0	0	0.08696	0.08696
gain	9	S26	0.01477	0.4932	0	0	0.8755	0.8756
loss	9	N4	0.0266	0.5051	0.0143	2	0.1236	0.1237
gain	9	S51	0.4744	0.4744	0	0	0.223	0.2394
loss	9	S51	0.4744	0.4744	0	0	0.2233	0.2397
