# print count over countCutOffLow=0.1 to countCutOffHigh=0.9 with increment=0.05
POS	prob01	prob10	exp01	exp10	prob01_Rec	prob10_Rec	exp01_Rec	exp10_Rec	prob01_Anc	prob10_Anc	exp01_Anc	exp10_Anc	count01_0.1	count10_0.1	count01_0.15	count10_0.15	count01_0.2	count10_0.2	count01_0.25	count10_0.25	count01_0.3	count10_0.3	count01_0.35	count10_0.35	count01_0.4	count10_0.4	count01_0.45	count10_0.45	count01_0.5	count10_0.5	count01_0.55	count10_0.55	count01_0.6	count10_0.6	count01_0.65	count10_0.65	count01_0.7	count10_0.7	count01_0.75	count10_0.75	count01_0.8	count10_0.8	count01_0.85	count10_0.85	count01_0.9	count10_0.9	
1	2.111	0.4853	2.228	0.513	0.956	0.2312	1.062	0.2395	1.155	0.2541	1.166	0.2735	3	2	3	2	2	1	2	1	2	0	2	0	2	0	2	0	2	0	2	0	2	0	2	0	2	0	2	0	2	0	2	0	2	0	
2	1.313	0.6641	1.339	0.6971	1.041	0.3156	1.05	0.3326	0.2722	0.3484	0.2896	0.3645	3	3	3	2	2	2	1	0	1	0	1	0	1	0	1	0	1	0	1	0	1	0	1	0	1	0	1	0	1	0	1	0	0	0	
3	1.256	1.257	1.347	1.287	0.4666	0.3197	0.4753	0.3388	0.7894	0.9372	0.8714	0.9481	3	4	3	3	2	2	2	1	1	1	1	1	1	1	1	1	1	1	1	1	1	1	1	0	1	0	0	0	0	0	0	0	0	0	
4	1.326	0.4586	1.344	0.4913	0.163	0.2265	0.1715	0.2428	1.164	0.2321	1.173	0.2485	3	2	3	2	1	2	1	0	1	0	1	0	1	0	1	0	1	0	1	0	1	0	1	0	1	0	1	0	1	0	1	0	1	0	
5	1.981	1.23	1.999	1.264	0.1668	0.5951	0.1758	0.6121	1.814	0.6353	1.823	0.6523	5	4	5	4	3	4	3	2	3	2	3	1	2	0	2	0	2	0	2	0	2	0	0	0	0	0	0	0	0	0	0	0	0	0	
6	1.333	1.029	1.351	1.062	0.1669	0.601	0.1756	0.6176	1.166	0.428	1.175	0.4446	3	2	3	2	1	2	1	0	1	0	1	0	1	0	1	0	1	0	1	0	1	0	1	0	1	0	1	0	1	0	1	0	1	0	
7	1.447	0.9626	1.473	0.9956	0.2526	0.3849	0.2689	0.401	1.195	0.5777	1.204	0.5946	5	3	5	3	2	2	1	0	1	0	1	0	1	0	1	0	1	0	1	0	1	0	0	0	0	0	0	0	0	0	0	0	0	0	
8	1.196	0.4328	1.311	0.461	0.9952	0.1704	1.102	0.1788	0.201	0.2624	0.2095	0.2822	2	2	2	2	1	1	1	1	1	0	1	0	1	0	1	0	1	0	1	0	1	0	1	0	1	0	1	0	1	0	1	0	1	0	
9	1.45	0.6805	1.484	0.7132	1.138	0.3218	1.155	0.3382	0.3115	0.3587	0.329	0.375	3	3	3	2	3	2	1	0	1	0	1	0	1	0	1	0	1	0	1	0	1	0	1	0	1	0	1	0	1	0	1	0	0	0	
